0,126.13,13.60
0,0,256,0.90625,0,12.47,0.14,12.19,0.15,1886,0.61328125
0,0,256,0.953125,1,12.68,0.13,12.42,0.14,1920,0.90625
0,0,256,0.94921875,2,12.51,0.24,12.13,0.14,1901,0.89453125
0,0,256,0.96875,3,12.73,0.12,12.46,0.15,1917,0.9765625
0,0,256,0.98046875,4,12.67,0.12,12.44,0.11,1923,0.96484375
0,0,256,0.9921875,5,12.38,0.21,12.08,0.09,1883,0.953125
0,0,256,1.0,6,9.07,0.13,8.81,0.13,1375,0.99609375
0,1,256,0.90234375,0,12.33,0.13,12.02,0.18,1886,0.62109375
0,1,256,0.97265625,1,12.71,0.18,12.37,0.16,1920,0.8671875
0,1,256,0.9765625,2,12.51,0.23,12.15,0.12,1901,0.9453125
0,1,256,0.96484375,3,12.84,0.24,12.47,0.12,1917,0.94140625
0,1,256,0.98046875,4,12.77,0.22,12.43,0.12,1923,0.96875
0,1,256,0.984375,5,12.22,0.12,12.01,0.09,1883,0.9609375
0,1,256,0.9921875,6,12.56,0.18,12.24,0.14,1914,0.984375
0,2,256,0.8984375,0,12.59,0.21,12.27,0.12,1886,0.609375
0,2,256,0.96875,1,12.98,0.19,12.62,0.17,1920,0.8984375
0,2,256,0.96484375,2,12.61,0.21,12.31,0.09,1901,0.94140625
0,2,256,0.984375,3,12.97,0.24,12.62,0.11,1917,0.9765625
0,2,256,0.984375,4,12.95,0.25,12.57,0.12,1923,0.97265625
0,2,256,0.98828125,5,12.73,0.4,12.21,0.12,1883,0.984375
0,2,256,0.9921875,6,12.85,0.22,12.49,0.14,1914,0.98828125
0,3,256,0.91015625,0,12.37,0.22,12.05,0.11,1886,0.6328125
0,3,256,0.96484375,1,12.82,0.19,12.49,0.15,1920,0.890625
0,3,256,0.9765625,2,12.59,0.3,12.18,0.11,1901,0.96484375
0,3,256,0.98828125,3,13.89,0.18,12.42,1.28,1917,0.9765625
0,3,256,0.98828125,4,12.73,0.17,12.38,0.17,1923,0.984375
0,3,256,0.98828125,5,12.41,0.21,12.08,0.12,1883,0.96875
0,3,256,0.9921875,6,12.57,0.22,12.26,0.09,1914,0.984375
0,4,256,0.90234375,0,12.44,0.15,12.15,0.14,1886,0.62109375
0,4,256,0.94921875,1,12.84,0.21,12.52,0.11,1920,0.8984375
0,4,256,0.94921875,2,12.48,0.21,12.19,0.08,1901,0.94140625
0,4,256,0.98828125,3,12.75,0.18,12.49,0.09,1917,0.9765625
0,4,256,0.9921875,4,12.8,0.13,12.51,0.16,1923,0.98828125
0,4,256,0.984375,5,12.32,0.13,12.06,0.13,1883,0.97265625
0,4,256,1.0,6,9.29,0.31,8.86,0.12,1375,0.99609375
0,5,256,0.9140625,0,12.43,0.13,12.16,0.13,1886,0.62109375
0,5,256,0.96875,1,12.82,0.18,12.42,0.22,1920,0.90234375
0,5,256,0.97265625,2,12.59,0.27,12.21,0.11,1901,0.94921875
0,5,256,0.97265625,3,12.84,0.22,12.49,0.13,1917,0.953125
0,5,256,0.9765625,4,12.68,0.14,12.46,0.09,1923,0.9765625
0,5,256,0.96875,5,12.42,0.18,12.11,0.13,1883,0.95703125
0,5,256,0.99609375,6,12.67,0.29,12.25,0.13,1914,0.9921875
0,6,256,0.90234375,0,12.24,0.16,11.93,0.14,1886,0.625
0,6,256,0.90234375,1,12.57,0.23,12.16,0.19,1920,0.61328125
0,6,256,0.9609375,2,12.33,0.19,12.02,0.12,1901,0.8984375
0,6,256,0.98828125,3,12.56,0.14,12.14,0.28,1917,0.95703125
0,6,256,0.98828125,4,12.5,0.23,12.16,0.1,1923,0.96484375
0,6,256,0.96875,5,12.24,0.19,11.93,0.12,1883,0.984375
0,6,256,1.0,6,10.78,0.15,10.42,0.21,1644,0.98046875
0,7,256,0.90234375,0,12.33,0.14,11.95,0.25,1886,0.6328125
0,7,256,0.91796875,1,12.5,0.19,12.16,0.15,1920,0.625
0,7,256,0.95703125,2,12.32,0.2,12.03,0.1,1901,0.8984375
0,7,256,0.984375,3,12.53,0.22,12.15,0.15,1917,0.9609375
0,7,256,0.98046875,4,12.47,0.22,12.16,0.09,1923,0.95703125
0,7,256,0.99609375,5,12.2,0.15,11.95,0.1,1883,0.98828125
0,7,256,0.984375,6,12.4,0.14,12.16,0.09,1914,0.98046875
1,68.86,0.18
1,0,256,0.9140625,0,12.29,0.19,12.0,0.09,1886,0.60546875
1,0,256,0.953125,1,12.53,0.22,12.19,0.12,1920,0.81640625
1,0,256,0.94921875,2,12.33,0.13,12.13,0.08,1901,0.9140625
1,0,256,0.984375,3,12.41,0.19,12.14,0.08,1917,0.95703125
1,1,256,0.90625,0,12.3,0.17,12.04,0.08,1886,0.61328125
1,1,256,0.93359375,1,12.57,0.16,12.27,0.15,1920,0.87890625
1,1,256,0.9609375,2,12.4,0.18,12.12,0.11,1901,0.91796875
1,1,256,0.96875,3,12.59,0.31,12.18,0.1,1917,0.95703125
1,2,256,0.90625,0,12.37,0.15,12.04,0.18,1886,0.61328125
1,2,256,0.96484375,1,12.68,0.29,12.26,0.13,1920,0.85546875
1,2,256,0.98828125,2,12.38,0.12,12.17,0.09,1901,0.95703125
1,2,256,0.9921875,3,12.49,0.14,12.23,0.12,1917,0.98828125
1,3,256,0.921875,0,12.62,0.3,12.23,0.1,1886,0.6171875
1,3,256,0.9609375,1,12.65,0.13,12.44,0.09,1920,0.91015625
1,3,256,0.984375,2,12.55,0.15,12.31,0.09,1901,0.95703125
1,3,256,0.98828125,3,12.67,0.12,12.43,0.12,1917,0.95703125
1,4,256,0.90234375,0,12.33,0.16,12.06,0.12,1886,0.6171875
1,4,256,0.96875,1,12.63,0.25,12.28,0.1,1920,0.89453125
1,4,256,0.97265625,2,12.45,0.17,12.18,0.1,1901,0.91796875
1,4,256,1.0,3,4.68,0.15,4.43,0.09,701,0.98828125
1,5,256,0.91015625,0,12.44,0.17,12.14,0.13,1886,0.6171875
1,5,256,0.9609375,1,12.62,0.16,12.35,0.11,1920,0.89453125
1,5,256,0.94140625,2,12.57,0.12,12.3,0.15,1901,0.953125
1,5,256,0.9921875,3,12.46,0.12,12.26,0.09,1917,0.98828125
1,6,256,0.91796875,0,12.32,0.25,11.96,0.12,1886,0.609375
1,6,256,0.95703125,1,12.47,0.17,12.18,0.12,1920,0.91796875
1,6,256,0.95703125,2,12.31,0.12,12.07,0.12,1901,0.94140625
1,6,256,0.98828125,3,12.6,0.32,12.17,0.11,1917,0.984375
1,7,256,0.9140625,0,12.15,0.17,11.87,0.11,1886,0.609375
1,7,256,0.95703125,1,12.39,0.16,12.11,0.12,1920,0.91015625
1,7,256,0.94921875,2,12.26,0.15,12.0,0.11,1901,0.96875
1,7,256,0.984375,3,12.56,0.38,12.07,0.11,1917,0.96484375
2,122.77,0.17
2,0,256,0.91015625,0,22.37,0.22,21.38,0.77,1886,0.6015625
2,0,256,0.96875,1,24.42,0.18,24.13,0.11,1920,0.86328125
2,0,256,0.98828125,2,24.43,0.21,24.08,0.14,1901,0.98046875
2,0,256,0.98828125,3,24.63,0.27,24.17,0.19,1917,0.984375
2,0,256,1.0,4,9.87,0.16,9.54,0.17,1047,0.984375
2,1,256,0.90625,0,23.97,0.14,23.73,0.11,1886,0.6171875
2,1,256,0.984375,1,24.64,0.26,24.26,0.12,1920,0.96484375
2,1,256,0.98046875,2,24.12,0.18,23.84,0.1,1901,0.96875
2,1,256,0.9921875,3,20.67,0.2,20.34,0.13,1917,0.9921875
2,2,256,0.88671875,0,23.25,0.13,22.93,0.18,1886,0.61328125
2,2,256,0.98046875,1,24.34,0.14,24.05,0.14,1920,0.91015625
2,2,256,0.9921875,2,23.95,0.17,23.65,0.12,1901,0.98828125
2,2,256,0.9921875,3,24.12,0.15,23.86,0.12,1917,0.9921875
2,3,256,0.90625,0,21.43,0.15,21.17,0.12,1886,0.6171875
2,3,256,0.94140625,1,24.44,0.12,24.2,0.13,1920,0.89453125
2,3,256,0.96484375,2,24.28,0.12,24.03,0.12,1901,0.9609375
2,3,256,0.99609375,3,24.54,0.18,24.23,0.14,1917,0.9921875
2,3,256,1.0,4,1.25,0.16,0.96,0.14,76,0.99609375
2,4,256,0.89453125,0,12.27,0.13,12.01,0.13,1886,0.6328125
2,4,256,0.953125,1,12.62,0.3,12.25,0.08,1920,0.91015625
2,4,256,0.9765625,2,12.37,0.19,12.06,0.11,1901,0.9140625
2,4,256,0.98828125,3,12.48,0.13,12.27,0.09,1917,0.9609375
2,4,256,0.98828125,4,12.47,0.14,12.24,0.09,1923,0.98046875
2,4,256,0.96484375,5,12.41,0.21,11.95,0.25,1883,0.96484375
2,4,256,0.96875,6,12.51,0.18,12.19,0.13,1914,0.9765625
2,4,256,0.9921875,7,12.4,0.17,12.11,0.12,1905,0.99609375
2,5,256,0.91796875,0,12.22,0.18,11.95,0.09,1886,0.61328125
2,5,256,0.96875,1,12.78,0.31,12.29,0.18,1920,0.91015625
2,5,256,0.984375,2,12.62,0.25,12.07,0.29,1901,0.9453125
2,5,256,0.96484375,3,12.53,0.16,12.23,0.14,1917,0.95703125
2,5,256,0.99609375,4,12.56,0.18,12.22,0.16,1923,0.984375
2,5,256,0.9765625,5,12.23,0.14,11.95,0.15,1883,0.9296875
2,5,256,0.98828125,6,12.45,0.17,12.19,0.09,1914,0.98828125
2,5,256,0.9921875,7,12.33,0.13,12.1,0.1,1905,0.9765625
2,6,256,0.9140625,0,12.27,0.12,12.03,0.13,1886,0.61328125
2,6,256,0.96875,1,12.66,0.25,12.25,0.17,1920,0.8984375
2,6,256,0.9609375,2,12.6,0.35,12.11,0.13,1901,0.9296875
2,6,256,0.98046875,3,12.58,0.12,12.3,0.15,1917,0.9765625
2,6,256,0.98046875,4,12.54,0.17,12.27,0.1,1923,0.96875
2,6,256,0.99609375,5,12.29,0.15,12.02,0.12,1883,0.98046875
2,6,256,0.98828125,6,12.6,0.19,12.24,0.18,1914,0.98046875
2,6,256,0.99609375,7,12.52,0.24,12.16,0.12,1905,0.984375
2,7,256,0.92578125,0,12.2,0.18,11.89,0.13,1886,0.61328125
2,7,256,0.94921875,1,12.67,0.19,12.14,0.34,1920,0.8984375
2,7,256,0.98046875,2,12.5,0.33,11.97,0.2,1901,0.94921875
2,7,256,0.98046875,3,12.5,0.16,12.15,0.2,1917,0.984375
2,7,256,0.9921875,4,12.47,0.16,12.18,0.13,1923,0.96875
2,7,256,0.9921875,5,12.16,0.16,11.86,0.15,1883,0.9765625
2,7,256,0.99609375,6,12.51,0.26,12.14,0.12,1914,0.9765625
2,7,256,0.99609375,7,12.31,0.17,12.04,0.11,1905,0.9921875
3,149.37,0.17
3,0,256,0.89453125,0,13.12,0.78,11.94,0.4,1886,0.609375
3,0,256,0.921875,1,12.73,0.17,12.19,0.37,1920,0.82421875
3,0,256,0.98046875,2,12.27,0.21,11.94,0.12,1901,0.94140625
3,0,256,0.98828125,3,12.35,0.15,12.07,0.14,1917,0.98046875
3,0,256,0.99609375,4,12.51,0.12,12.22,0.16,1923,0.98046875
3,1,256,0.90234375,0,35.83,0.22,35.46,0.15,1886,0.625
3,1,256,0.984375,1,36.87,0.11,36.65,0.12,1920,0.94921875
3,2,256,0.87890625,0,12.37,0.24,12.02,0.12,1886,0.6171875
3,2,256,0.9609375,1,12.52,0.13,12.28,0.11,1920,0.90234375
3,2,256,0.953125,2,12.43,0.17,12.15,0.11,1901,0.8984375
3,2,256,0.96484375,3,12.49,0.11,12.18,0.19,1917,0.92578125
3,2,256,1.0,4,7.11,0.2,6.77,0.13,1047,0.98828125
3,3,256,0.9140625,0,12.16,0.15,11.9,0.11,1886,0.62109375
3,3,256,0.97265625,1,13.14,0.92,12.13,0.09,1920,0.890625
3,3,256,0.9765625,2,12.33,0.19,12.0,0.14,1901,0.91015625
3,3,256,0.97265625,3,12.61,0.39,12.11,0.11,1917,0.9609375
3,3,256,0.95703125,4,12.52,0.16,12.25,0.1,1923,0.890625
3,4,256,0.890625,0,12.59,0.28,12.06,0.25,1886,0.60546875
3,4,256,0.94140625,1,12.55,0.19,12.27,0.09,1920,0.875
3,4,256,0.9765625,2,12.64,0.35,12.11,0.18,1901,0.9609375
3,4,256,0.9765625,3,12.48,0.18,12.18,0.12,1917,0.94921875
3,4,256,0.984375,4,12.71,0.23,12.3,0.19,1923,0.95703125
3,5,256,0.91796875,0,13.15,0.29,12.01,0.85,1886,0.609375
3,5,256,0.953125,1,12.52,0.17,12.22,0.12,1920,0.88671875
3,5,256,0.984375,2,12.4,0.2,12.05,0.15,1901,0.9453125
3,5,256,0.9921875,3,12.49,0.24,12.14,0.11,1917,0.984375
3,5,256,1.0,4,4.7,0.29,4.32,0.1,661,0.984375
3,6,256,0.89453125,0,36.21,0.57,35.53,0.12,1886,0.6171875
3,6,256,0.984375,1,36.89,0.15,36.6,0.14,1920,0.97265625
3,7,256,0.890625,0,19.79,0.29,19.32,0.18,1886,0.61328125
3,7,256,0.95703125,1,37.97,1.26,36.6,0.11,1920,0.8671875
3,7,256,0.97265625,2,28.01,0.18,27.69,0.14,1901,0.9765625
4,94.11,0.17
4,0,256,0.8984375,0,12.62,0.19,12.19,0.24,1886,0.6171875
4,0,256,0.95703125,1,12.79,0.36,12.3,0.13,1920,0.8828125
4,0,256,0.9609375,2,12.38,0.12,12.07,0.19,1901,0.9453125
4,0,256,0.98828125,3,12.63,0.32,12.18,0.12,1917,0.98046875
4,0,256,0.98828125,4,12.62,0.16,12.28,0.19,1923,0.984375
4,1,256,0.88671875,0,12.61,0.16,12.1,0.34,1886,0.60546875
4,1,256,0.96484375,1,12.64,0.38,12.16,0.1,1920,0.890625
4,1,256,0.95703125,2,12.24,0.17,11.96,0.11,1901,0.9140625
4,1,256,0.9921875,3,12.31,0.18,12.01,0.12,1917,0.98828125
4,1,256,0.9921875,4,12.49,0.22,12.15,0.12,1923,0.96484375
4,2,256,0.9140625,0,12.87,0.36,12.41,0.09,1886,0.6171875
4,2,256,0.94921875,1,12.71,0.16,12.43,0.11,1920,0.8984375
4,2,256,0.98046875,2,12.5,0.12,12.25,0.12,1901,0.9453125
4,2,256,0.984375,3,12.83,0.36,12.35,0.13,1917,0.984375
4,2,256,1.0,4,8.7,0.15,8.46,0.09,1313,0.98828125
4,3,256,0.89453125,0,12.42,0.18,12.08,0.17,1886,0.64453125
4,3,256,0.9296875,1,12.63,0.34,12.14,0.15,1920,0.77734375
4,3,256,0.984375,2,12.41,0.32,11.95,0.13,1901,0.98828125
4,3,256,0.9921875,3,12.92,0.74,12.09,0.1,1917,0.96484375
4,3,256,1.0,4,11.56,0.36,11.09,0.1,1760,0.984375
4,4,256,0.8984375,0,12.74,0.27,12.17,0.3,1886,0.6171875
4,4,256,0.953125,1,12.49,0.22,12.16,0.11,1920,0.88671875
4,4,256,0.96484375,2,12.83,0.18,12.05,0.6,1901,0.92578125
4,4,256,0.9921875,3,12.69,0.32,12.08,0.29,1917,0.98828125
4,4,256,1.0,4,7.62,0.14,7.37,0.11,1167,0.98828125
4,5,256,0.91796875,0,12.43,0.18,12.16,0.08,1886,0.61328125
4,5,256,0.9453125,1,13.44,0.86,12.26,0.31,1920,0.890625
4,5,256,0.97265625,2,12.51,0.18,12.04,0.29,1901,0.9453125
4,5,256,0.98046875,3,12.54,0.12,12.22,0.2,1917,0.984375
4,5,256,1.0,4,7.68,0.13,7.41,0.13,1167,0.98828125
4,6,256,0.890625,0,12.66,0.22,12.15,0.3,1886,0.625
4,6,256,0.96484375,1,12.42,0.11,12.2,0.1,1920,0.89453125
4,6,256,0.96484375,2,12.28,0.14,12.0,0.14,1901,0.9609375
4,6,256,0.9765625,3,13.01,0.76,12.16,0.09,1917,0.984375
4,6,256,0.98046875,4,12.47,0.19,12.2,0.09,1923,0.9609375
4,7,256,0.90625,0,12.18,0.16,11.93,0.09,1886,0.62109375
4,7,256,0.98828125,1,12.45,0.14,12.18,0.13,1920,0.890625
4,7,256,0.984375,2,13.31,1.08,12.05,0.18,1901,0.94921875
4,7,256,0.94921875,3,12.39,0.12,12.13,0.14,1917,0.9609375
4,7,256,0.9765625,4,12.45,0.15,12.19,0.11,1923,0.953125
4,7,256,0.9921875,5,12.25,0.17,11.97,0.11,1883,0.98046875
5,104.68,0.18
5,0,256,0.89453125,0,13.21,0.2,12.81,0.2,1886,0.6171875
5,0,256,0.96875,1,13.35,0.15,13.07,0.14,1920,0.9140625
5,0,256,0.9609375,2,14.0,0.22,13.56,0.22,1901,0.9296875
5,0,256,0.9921875,3,13.39,0.2,13.08,0.11,1917,0.96484375
5,0,256,0.9921875,4,13.52,0.18,13.17,0.17,1923,0.984375
5,0,256,0.98828125,5,12.69,0.14,11.97,0.58,1883,0.984375
5,1,256,0.93359375,0,13.17,0.17,12.88,0.11,1886,0.6328125
5,1,256,0.95703125,1,13.54,0.25,13.2,0.09,1920,0.9140625
5,1,256,0.97265625,2,13.97,0.36,13.49,0.12,1901,0.94921875
5,1,256,0.97265625,3,13.5,0.16,13.18,0.16,1917,0.96484375
5,1,256,1.0,4,13.7,0.18,13.4,0.12,1923,0.9921875
5,2,256,0.8984375,0,13.11,0.14,12.81,0.17,1886,0.6171875
5,2,256,0.9453125,1,13.62,0.18,13.34,0.11,1920,0.87890625
5,2,256,0.96484375,2,13.88,0.39,13.36,0.14,1901,0.94140625
5,2,256,0.9765625,3,13.62,0.24,13.29,0.09,1917,0.96875
5,2,256,0.99609375,4,13.51,0.17,13.2,0.14,1923,0.984375
5,2,256,0.98046875,5,12.33,0.19,12.05,0.1,1883,0.96875
5,3,256,0.90234375,0,13.28,0.19,12.98,0.11,1886,0.60546875
5,3,256,0.95703125,1,13.34,0.15,13.08,0.11,1920,0.796875
5,3,256,0.9765625,2,13.76,0.23,13.41,0.12,1901,0.953125
5,3,256,0.97265625,3,13.32,0.15,13.09,0.08,1917,0.94921875
5,3,256,0.96484375,4,13.91,0.38,13.37,0.16,1923,0.953125
5,3,256,1.0,5,0.52,0.21,0.21,0.1,32,1.0
5,4,256,0.90625,0,13.5,0.35,13.02,0.12,1886,0.6171875
5,4,256,0.94140625,1,13.58,0.16,13.32,0.1,1920,0.85546875
5,4,256,0.96875,2,13.9,0.23,13.56,0.11,1901,0.92578125
5,4,256,0.9765625,3,14.06,0.43,13.48,0.15,1917,0.96484375
5,4,256,0.98828125,4,13.6,0.16,13.32,0.13,1923,0.98046875
5,5,256,0.921875,0,13.13,0.17,12.8,0.15,1886,0.6171875
5,5,256,0.984375,1,13.57,0.23,13.21,0.13,1920,0.93359375
5,5,256,0.96484375,2,13.68,0.2,13.37,0.11,1901,0.953125
5,5,256,0.96875,3,13.49,0.21,13.19,0.09,1917,0.94140625
5,5,256,0.99609375,4,13.45,0.2,13.15,0.1,1923,0.98046875
5,5,256,1.0,5,3.8,0.14,3.53,0.12,551,0.984375
5,6,256,0.8828125,0,13.15,0.2,12.78,0.16,1886,0.61328125
5,6,256,0.9609375,1,13.54,0.15,13.12,0.27,1920,0.8671875
5,6,256,0.9609375,2,13.77,0.2,13.42,0.15,1901,0.9453125
5,6,256,0.984375,3,13.63,0.23,13.26,0.13,1917,0.96484375
5,6,256,0.98828125,4,13.46,0.2,13.14,0.13,1923,0.96875
5,6,256,0.96484375,5,12.47,0.26,12.04,0.17,1883,0.92578125
5,7,256,0.88671875,0,13.28,0.18,13.01,0.09,1886,0.62890625
5,7,256,0.953125,1,13.42,0.13,13.17,0.12,1920,0.88671875
5,7,256,0.984375,2,14.0,0.22,13.61,0.17,1901,0.984375
5,7,256,0.9921875,3,13.5,0.2,13.19,0.11,1917,0.984375
5,7,256,0.9765625,4,13.8,0.32,13.34,0.13,1923,0.97265625
6,117.39,0.18
6,0,256,0.91015625,0,21.08,0.12,20.84,0.12,1886,0.640625
6,0,256,0.94140625,1,24.37,0.14,24.15,0.09,1920,0.88671875
6,0,256,0.984375,2,24.71,0.23,24.33,0.15,1901,0.96484375
6,0,256,0.9765625,3,24.54,0.16,24.25,0.14,1917,0.984375
6,1,256,0.89453125,0,12.91,0.13,12.5,0.28,1886,0.61328125
6,1,256,0.95703125,1,12.96,0.12,12.72,0.12,1920,0.83984375
6,1,256,0.94921875,2,12.89,0.22,12.57,0.1,1901,0.91015625
6,1,256,0.9765625,3,13.22,0.12,12.97,0.14,1917,0.96484375
6,1,256,0.9921875,4,13.5,0.67,12.67,0.16,1923,0.97265625
6,1,256,0.99609375,5,13.22,0.55,12.55,0.12,1883,0.9765625
6,1,256,1.0,6,0.9,0.17,0.61,0.13,93,0.99609375
6,2,256,0.91796875,0,12.31,0.27,11.97,0.07,1886,0.61328125
6,2,256,0.94140625,1,12.53,0.22,12.17,0.13,1920,0.83203125
6,2,256,0.953125,2,12.41,0.19,12.07,0.15,1901,0.91015625
6,2,256,0.94921875,3,12.64,0.21,12.32,0.12,1917,0.9375
6,2,256,0.96484375,4,12.8,0.13,12.58,0.1,1923,0.90625
6,2,256,0.9921875,5,12.33,0.21,12.0,0.11,1883,0.984375
6,2,256,0.9921875,6,12.68,0.29,12.26,0.13,1914,0.98046875
6,3,256,0.90234375,0,23.98,0.17,23.7,0.11,1886,0.609375
6,3,256,0.9296875,1,24.55,0.23,24.2,0.12,1920,0.87890625
6,3,256,0.96875,2,24.55,0.15,24.25,0.15,1901,0.96875
6,3,256,0.98828125,3,19.29,0.2,18.97,0.12,1917,0.984375
6,4,256,0.9140625,0,12.4,0.17,12.08,0.14,1886,0.6015625
6,4,256,0.94140625,1,12.93,0.48,12.3,0.15,1920,0.8359375
6,4,256,0.96484375,2,12.55,0.19,12.18,0.18,1901,0.921875
6,4,256,0.96875,3,12.59,0.11,12.39,0.09,1917,0.95703125
6,4,256,0.99609375,4,12.95,0.19,12.62,0.15,1923,0.984375
6,4,256,0.9921875,5,12.36,0.15,12.1,0.11,1883,0.98828125
6,4,256,0.98828125,6,12.62,0.14,12.38,0.09,1914,0.98828125
6,5,256,0.91015625,0,12.39,0.14,12.13,0.11,1886,0.61328125
6,5,256,0.95703125,1,12.63,0.17,12.35,0.11,1920,0.91015625
6,5,256,0.94921875,2,12.65,0.18,12.23,0.24,1901,0.9140625
6,5,256,0.98828125,3,12.73,0.23,12.41,0.09,1917,0.984375
6,5,256,0.97265625,4,13.07,0.2,12.7,0.18,1923,0.96484375
6,5,256,0.9921875,5,12.46,0.13,12.2,0.13,1883,0.98828125
6,5,256,0.98828125,6,12.72,0.19,12.38,0.15,1914,0.984375
6,6,256,0.890625,0,12.67,0.21,12.0,0.46,1886,0.6328125
6,6,256,0.94140625,1,12.52,0.17,12.21,0.14,1920,0.88671875
6,6,256,0.984375,2,12.39,0.15,12.1,0.14,1901,0.94140625
6,6,256,0.98046875,3,12.57,0.18,12.27,0.12,1917,0.96484375
6,6,256,0.9765625,4,12.77,0.12,12.53,0.12,1923,0.96484375
6,6,256,0.98046875,5,12.29,0.18,11.99,0.12,1883,0.96484375
6,6,256,1.0,6,11.5,0.13,11.28,0.09,1761,0.984375
6,7,256,0.890625,0,12.4,0.27,12.02,0.11,1886,0.625
6,7,256,0.9296875,1,12.55,0.16,12.27,0.12,1920,0.84375
6,7,256,0.9609375,2,12.48,0.18,12.21,0.09,1901,0.890625
6,7,256,0.97265625,3,12.57,0.12,12.33,0.11,1917,0.95703125
6,7,256,0.984375,4,12.9,0.16,12.65,0.09,1923,0.984375
6,7,256,0.98828125,5,12.41,0.17,12.12,0.11,1883,0.9765625
6,7,256,0.9921875,6,12.65,0.25,12.31,0.08,1914,0.984375
7,95.08,0.18
7,0,256,0.92578125,0,12.88,0.33,12.41,0.14,1886,0.62109375
7,0,256,0.94140625,1,14.35,0.31,12.43,1.61,1920,0.89453125
7,0,256,0.9765625,2,12.63,0.15,12.38,0.09,1901,0.9453125
7,0,256,0.98046875,3,12.96,0.39,12.42,0.15,1917,0.9765625
7,0,256,0.98046875,4,13.02,0.18,12.74,0.09,1923,0.96875
7,0,256,1.0,5,8.67,0.21,8.33,0.13,1283,0.98828125
7,1,256,0.8984375,0,12.85,0.12,12.46,0.28,1886,0.625
7,1,256,0.953125,1,13.32,0.35,12.28,0.7,1920,0.92578125
7,1,256,0.96875,2,12.7,0.16,12.31,0.24,1901,0.9296875
7,1,256,0.96875,3,12.88,0.42,12.35,0.11,1917,0.96875
7,1,256,0.98828125,4,13.11,0.26,12.74,0.11,1923,0.96875
7,1,256,0.9921875,5,12.48,0.21,12.08,0.19,1883,0.98828125
7,2,256,0.92578125,0,12.83,0.18,12.4,0.25,1886,0.6171875
7,2,256,0.953125,1,12.49,0.16,12.23,0.09,1920,0.91796875
7,2,256,0.96484375,2,14.28,1.88,12.17,0.22,1901,0.94140625
7,2,256,0.98046875,3,12.74,0.3,12.28,0.17,1917,0.9765625
7,2,256,0.9921875,4,12.72,0.12,12.47,0.13,1923,0.98046875
7,2,256,0.97265625,5,12.29,0.15,12.0,0.13,1883,0.95703125
7,3,256,0.8984375,0,12.74,0.19,12.3,0.25,1886,0.6171875
7,3,256,0.9609375,1,12.51,0.12,12.22,0.17,1920,0.91015625
7,3,256,0.95703125,2,12.62,0.33,12.09,0.21,1901,0.91015625
7,3,256,0.97265625,3,12.46,0.12,12.18,0.16,1917,0.94140625
7,3,256,0.98828125,4,12.76,0.15,12.45,0.16,1923,0.96484375
7,3,256,1.0,5,8.46,0.13,8.16,0.17,1283,0.99609375
7,4,256,0.91015625,0,12.8,0.18,12.5,0.12,1886,0.609375
7,4,256,0.9453125,1,13.37,0.86,12.32,0.19,1920,0.91796875
7,4,256,0.9765625,2,12.78,0.21,12.27,0.3,1901,0.953125
7,4,256,0.98828125,3,12.59,0.14,12.34,0.12,1917,0.96875
7,4,256,0.99609375,4,12.83,0.12,12.56,0.15,1923,0.98046875
7,4,256,0.9921875,5,13.07,0.87,12.07,0.14,1883,0.984375
7,5,256,0.91015625,0,12.53,0.15,12.29,0.1,1886,0.625
7,5,256,0.94140625,1,12.8,0.12,12.14,0.54,1920,0.83203125
7,5,256,0.96875,2,12.46,0.22,12.11,0.13,1901,0.9375
7,5,256,0.99609375,3,12.8,0.51,12.16,0.12,1917,0.96484375
7,5,256,0.98828125,4,12.84,0.22,12.4,0.22,1923,0.96484375
7,5,256,1.0,5,8.42,0.17,8.15,0.09,1283,0.99609375
7,6,256,0.91015625,0,24.04,0.12,23.78,0.14,1886,0.63671875
7,6,256,0.95703125,1,23.6,0.18,23.25,0.16,1920,0.875
7,6,256,0.97265625,2,24.46,0.17,24.16,0.12,1901,0.9765625
7,7,256,0.921875,0,24.52,0.4,23.97,0.16,1886,0.61328125
7,7,256,0.9453125,1,25.84,1.15,24.59,0.11,1920,0.91015625
7,7,256,0.9765625,2,21.75,0.12,21.53,0.11,1901,0.96875
8,92.12,0.18
8,0,256,0.8828125,0,13.32,0.14,13.03,0.15,1886,0.6171875
8,0,256,0.94921875,1,13.87,0.12,13.65,0.11,1920,0.90234375
8,0,256,0.9609375,2,13.31,0.17,13.03,0.12,1901,0.9609375
8,0,256,0.9765625,3,13.35,0.13,13.11,0.11,1917,0.9609375
8,0,256,0.9921875,4,13.39,0.14,13.16,0.09,1923,0.97265625
8,1,256,0.90625,0,13.25,0.3,12.83,0.12,1886,0.61328125
8,1,256,0.94921875,1,14.03,0.21,13.72,0.1,1920,0.88671875
8,1,256,0.9609375,2,13.36,0.19,12.98,0.19,1901,0.890625
8,1,256,0.9765625,3,13.24,0.12,13.02,0.09,1917,0.9609375
8,1,256,0.984375,4,13.29,0.18,13.03,0.08,1923,0.97265625
8,2,256,0.890625,0,13.89,0.71,13.02,0.16,1886,0.61328125
8,2,256,0.94140625,1,14.1,0.25,13.74,0.11,1920,0.890625
8,2,256,0.94921875,2,13.36,0.12,13.12,0.12,1901,0.92578125
8,2,256,0.98828125,3,13.49,0.17,13.22,0.09,1917,0.96484375
8,2,256,0.98828125,4,13.44,0.18,13.12,0.14,1923,0.97265625
8,3,256,0.921875,0,13.39,0.22,13.06,0.11,1886,0.609375
8,3,256,0.9375,1,14.23,0.13,13.88,0.21,1920,0.890625
8,3,256,0.97265625,2,13.38,0.18,13.1,0.1,1901,0.92578125
8,3,256,0.984375,3,13.52,0.11,13.3,0.12,1917,0.97265625
8,3,256,1.0,4,10.36,0.18,10.1,0.09,1448,0.98828125
8,4,256,0.88671875,0,13.13,0.17,12.82,0.15,1886,0.61328125
8,4,256,0.94140625,1,13.96,0.13,13.61,0.23,1920,0.83984375
8,4,256,0.95703125,2,13.33,0.18,12.88,0.26,1901,0.93359375
8,4,256,0.984375,3,13.3,0.16,13.01,0.14,1917,0.953125
8,4,256,0.99609375,4,13.26,0.16,13.01,0.09,1923,0.984375
8,5,256,0.890625,0,13.6,0.63,12.86,0.12,1886,0.61328125
8,5,256,0.94140625,1,13.86,0.12,13.63,0.12,1920,0.87890625
8,5,256,0.97265625,2,13.25,0.15,12.99,0.11,1901,0.94921875
8,5,256,0.98828125,3,13.29,0.15,13.0,0.14,1917,0.96484375
8,5,256,0.98828125,4,13.33,0.15,13.04,0.14,1923,0.9765625
8,6,256,0.90234375,0,13.12,0.21,12.8,0.11,1886,0.6328125
8,6,256,0.96484375,1,13.78,0.17,13.5,0.12,1920,0.8984375
8,6,256,0.96484375,2,13.13,0.18,12.85,0.1,1901,0.91015625
8,6,256,0.9609375,3,13.28,0.17,13.01,0.1,1917,0.94140625
8,6,256,0.97265625,4,13.26,0.12,13.03,0.11,1923,0.96484375
8,7,256,0.90234375,0,13.32,0.2,13.01,0.11,1886,0.6015625
8,7,256,0.93359375,1,14.16,0.23,13.82,0.1,1920,0.88671875
8,7,256,0.96875,2,13.35,0.17,13.05,0.13,1901,0.9609375
8,7,256,0.9375,3,13.43,0.16,13.15,0.13,1917,0.9609375
8,7,256,0.96484375,4,13.48,0.19,13.16,0.13,1923,0.9453125
9,93.00,0.19
9,0,256,0.90625,0,13.28,0.22,12.97,0.08,1886,0.625
9,0,256,0.96875,1,13.3,0.14,13.06,0.09,1920,0.921875
9,0,256,0.9921875,2,13.41,0.12,13.04,0.25,1901,0.953125
9,0,256,0.95703125,3,14.29,0.15,13.47,0.67,1917,0.96875
9,0,256,1.0,4,7.42,0.41,6.8,0.22,1000,0.99609375
9,1,256,0.88671875,0,13.25,0.2,12.91,0.14,1886,0.60546875
9,1,256,0.96875,1,13.55,0.33,13.13,0.09,1920,0.9140625
9,1,256,0.9453125,2,13.28,0.25,12.93,0.1,1901,0.94140625
9,1,256,0.96875,3,13.67,0.27,13.3,0.09,1917,0.96484375
9,1,256,0.98046875,4,14.35,1.27,12.74,0.34,1923,0.97265625
9,2,256,0.9296875,0,13.24,0.17,12.95,0.13,1886,0.60546875
9,2,256,0.95703125,1,13.43,0.15,13.17,0.11,1920,0.9140625
9,2,256,0.97265625,2,13.22,0.21,12.93,0.08,1901,0.96875
9,2,256,0.98046875,3,14.39,0.15,13.47,0.77,1917,0.95703125
9,2,256,0.9921875,4,13.14,0.27,12.73,0.13,1923,0.984375
9,3,256,0.921875,0,13.31,0.2,13.02,0.09,1886,0.6328125
9,3,256,0.9609375,1,13.41,0.33,12.94,0.14,1920,0.90234375
9,3,256,0.98046875,2,13.29,0.13,12.96,0.21,1901,0.94921875
9,3,256,0.99609375,3,13.62,0.17,13.29,0.16,1917,0.9921875
9,3,256,0.984375,4,13.05,0.27,12.66,0.13,1923,0.96484375
9,4,256,0.90234375,0,13.43,0.16,12.97,0.3,1886,0.64453125
9,4,256,0.94921875,1,13.57,0.32,13.16,0.08,1920,0.8828125
9,4,256,0.96875,2,13.42,0.26,13.06,0.1,1901,0.96484375
9,4,256,0.99609375,3,14.57,0.19,13.47,0.92,1917,0.9921875
9,4,256,0.99609375,4,13.11,0.17,12.78,0.16,1923,0.984375
9,5,256,0.87890625,0,13.18,0.15,12.92,0.1,1886,0.60546875
9,5,256,0.96484375,1,13.56,0.16,13.16,0.23,1920,0.91796875
9,5,256,0.96875,2,13.18,0.2,12.87,0.1,1901,0.96484375
9,5,256,0.9921875,3,14.18,0.33,13.71,0.15,1917,0.97265625
9,5,256,0.99609375,4,13.95,0.96,12.72,0.27,1923,0.9921875
9,6,256,0.93359375,0,13.56,0.37,12.98,0.2,1886,0.60546875
9,6,256,0.96484375,1,13.54,0.18,13.26,0.1,1920,0.89453125
9,6,256,0.9765625,2,13.22,0.16,12.97,0.09,1901,0.9453125
9,6,256,0.99609375,3,13.73,0.21,13.39,0.14,1917,0.9921875
9,6,256,0.984375,4,12.96,0.2,12.69,0.08,1923,0.97265625
9,7,256,0.91796875,0,13.21,0.18,12.95,0.09,1886,0.61328125
9,7,256,0.96875,1,13.52,0.2,13.1,0.22,1920,0.91796875
9,7,256,0.9765625,2,13.3,0.13,13.0,0.18,1901,0.95703125
9,7,256,0.9921875,3,13.84,0.24,13.38,0.22,1917,0.9765625
9,7,256,0.98828125,4,13.08,0.11,12.68,0.28,1923,0.9609375
10,84.77,0.17
10,0,256,0.87890625,0,13.22,0.25,12.84,0.13,1886,0.60546875
10,0,256,0.97265625,1,13.86,0.26,13.45,0.15,1920,0.91796875
10,0,256,0.9609375,2,13.2,0.13,12.98,0.09,1901,0.953125
10,0,256,0.97265625,3,13.59,0.13,13.27,0.18,1917,0.95703125
10,0,256,0.984375,4,13.14,0.19,12.86,0.09,1923,0.96875
10,1,256,0.91796875,0,13.3,0.26,12.93,0.12,1886,0.60546875
10,1,256,0.9375,1,13.71,0.28,13.31,0.13,1920,0.83203125
10,1,256,0.97265625,2,13.54,0.42,12.99,0.14,1901,0.953125
10,1,256,0.98828125,3,13.63,0.21,13.25,0.18,1917,0.96875
10,1,256,1.0,4,10.04,0.21,9.73,0.09,1433,0.984375
10,2,256,0.88671875,0,13.23,0.23,12.88,0.12,1886,0.61328125
10,2,256,0.9609375,1,14.17,0.24,13.59,0.34,1920,0.890625
10,2,256,0.9453125,2,13.26,0.14,12.99,0.13,1901,0.9375
10,2,256,0.98828125,3,13.48,0.14,13.27,0.07,1917,0.96875
10,2,256,0.98828125,4,13.11,0.13,12.85,0.12,1923,0.97265625
10,3,256,0.90234375,0,13.34,0.23,12.82,0.29,1886,0.6171875
10,3,256,0.9609375,1,13.63,0.19,13.36,0.09,1920,0.88671875
10,3,256,0.95703125,2,13.27,0.13,13.02,0.11,1901,0.9453125
10,3,256,0.97265625,3,13.66,0.29,13.29,0.08,1917,0.94140625
10,3,256,0.984375,4,13.13,0.14,12.9,0.09,1923,0.9765625
10,4,256,0.88671875,0,13.4,0.21,13.05,0.13,1886,0.625
10,4,256,0.93359375,1,13.99,0.26,13.41,0.33,1920,0.8515625
10,4,256,0.97265625,2,13.48,0.12,13.25,0.11,1901,0.9609375
10,4,256,0.984375,3,13.59,0.12,13.38,0.09,1917,0.97265625
10,4,256,1.0,4,11.31,0.13,11.07,0.11,1637,0.97265625
10,5,256,0.91015625,0,13.52,0.24,13.08,0.2,1886,0.61328125
10,5,256,0.96484375,1,13.89,0.22,13.41,0.25,1920,0.90234375
10,5,256,0.9765625,2,13.71,0.46,13.12,0.14,1901,0.96484375
10,5,256,0.984375,3,13.73,0.18,13.46,0.1,1917,0.9765625
10,5,256,0.99609375,4,13.2,0.19,12.9,0.11,1923,0.97265625
10,6,256,0.8828125,0,13.26,0.16,13.01,0.09,1886,0.6015625
10,6,256,0.95703125,1,13.78,0.18,13.44,0.15,1920,0.89453125
10,6,256,0.96875,2,13.4,0.12,13.14,0.15,1901,0.9609375
10,6,256,0.984375,3,13.74,0.19,13.41,0.14,1917,0.96875
10,6,256,1.0,4,13.12,0.18,12.81,0.13,1894,0.98828125
10,7,256,0.91015625,0,13.22,0.15,12.94,0.13,1886,0.6015625
10,7,256,0.9453125,1,13.58,0.21,13.28,0.09,1920,0.8671875
10,7,256,0.9453125,2,13.3,0.13,13.04,0.13,1901,0.94140625
10,7,256,0.95703125,3,13.62,0.18,13.33,0.1,1917,0.953125
10,7,256,0.98828125,4,13.1,0.19,12.8,0.12,1923,0.9609375
11,100.05,0.18
11,0,256,0.89453125,0,12.26,0.17,12.0,0.09,1886,0.59765625
11,0,256,0.9453125,1,12.6,0.17,12.29,0.14,1920,0.90625
11,0,256,0.98828125,2,12.45,0.21,12.13,0.11,1901,0.9765625
11,0,256,0.98828125,3,12.76,0.18,12.5,0.08,1917,0.97265625
11,0,256,0.98828125,4,12.64,0.14,12.35,0.15,1923,0.9765625
11,0,256,0.99609375,5,12.35,0.16,12.0,0.19,1883,0.99609375
11,1,256,0.89453125,0,12.19,0.11,11.96,0.13,1886,0.6015625
11,1,256,0.96484375,1,12.55,0.11,12.27,0.17,1920,0.90625
11,1,256,0.9609375,2,12.46,0.22,12.05,0.19,1901,0.94921875
11,1,256,0.9921875,3,12.72,0.19,12.41,0.12,1917,0.98828125
11,1,256,0.98828125,4,12.9,0.55,12.21,0.14,1923,0.96875
11,1,256,0.99609375,5,12.8,0.75,11.96,0.09,1883,0.9921875
11,2,256,0.89453125,0,12.27,0.18,12.0,0.1,1886,0.6015625
11,2,256,0.96484375,1,12.55,0.14,12.22,0.19,1920,0.828125
11,2,256,0.95703125,2,12.43,0.21,12.06,0.17,1901,0.921875
11,2,256,0.984375,3,12.79,0.16,12.37,0.26,1917,0.96484375
11,2,256,0.99609375,4,12.63,0.25,12.24,0.13,1923,0.98046875
11,2,256,1.0,5,0.87,0.25,0.49,0.13,77,0.9921875
11,3,256,0.91796875,0,12.19,0.12,11.95,0.11,1886,0.60546875
11,3,256,0.97265625,1,12.53,0.17,12.26,0.11,1920,0.91796875
11,3,256,0.96875,2,12.44,0.22,12.07,0.15,1901,0.9296875
11,3,256,0.96875,3,12.72,0.15,12.39,0.18,1917,0.9453125
11,3,256,0.9921875,4,12.73,0.23,12.24,0.25,1923,0.98828125
11,3,256,0.9765625,5,12.52,0.35,11.95,0.23,1883,0.9765625
11,4,256,0.9140625,0,12.2,0.16,11.93,0.12,1886,0.61328125
11,4,256,0.94921875,1,12.47,0.16,12.22,0.09,1920,0.91015625
11,4,256,0.97265625,2,12.38,0.19,12.08,0.11,1901,0.9609375
11,4,256,0.9765625,3,12.54,0.13,12.23,0.19,1917,0.95703125
11,4,256,0.99609375,4,12.5,0.18,12.19,0.13,1923,0.9765625
11,4,256,0.99609375,5,12.29,0.27,11.9,0.12,1883,0.9921875
11,5,256,0.8984375,0,12.28,0.1,12.06,0.11,1886,0.609375
11,5,256,0.95703125,1,12.6,0.17,12.3,0.13,1920,0.83203125
11,5,256,0.98828125,2,13.05,0.23,12.16,0.66,1901,0.97265625
11,5,256,0.984375,3,12.82,0.14,12.55,0.13,1917,0.95703125
11,5,256,0.9921875,4,12.59,0.21,12.29,0.09,1923,0.984375
11,5,256,0.98046875,5,12.31,0.14,12.03,0.14,1883,0.98046875
11,6,256,0.90625,0,12.32,0.17,12.02,0.13,1886,0.62109375
11,6,256,0.96875,1,12.56,0.21,12.21,0.13,1920,0.90234375
11,6,256,0.96484375,2,12.33,0.2,12.05,0.08,1901,0.9453125
11,6,256,0.9921875,3,12.58,0.13,12.35,0.11,1917,0.98828125
11,6,256,0.9921875,4,12.63,0.25,12.23,0.15,1923,0.95703125
11,6,256,0.96875,5,12.48,0.18,11.92,0.38,1883,0.93359375
11,7,256,0.92578125,0,12.12,0.14,11.88,0.09,1886,0.60546875
11,7,256,0.921875,1,12.43,0.19,12.12,0.13,1920,0.62109375
11,7,256,0.953125,2,12.36,0.15,11.98,0.23,1901,0.91015625
11,7,256,0.97265625,3,12.34,0.15,12.08,0.11,1917,0.97265625
11,7,256,0.984375,4,12.55,0.27,12.15,0.13,1923,0.95703125
11,7,256,0.984375,5,12.16,0.16,11.85,0.14,1883,0.96484375
12,91.07,0.18
12,0,256,0.91015625,0,13.41,0.18,13.06,0.16,1886,0.61328125
12,0,256,0.9609375,1,13.52,0.19,13.2,0.13,1920,0.91796875
12,0,256,0.9453125,2,13.2,0.18,12.93,0.09,1901,0.91015625
12,0,256,0.9765625,3,13.49,0.21,13.15,0.14,1917,0.97265625
12,0,256,0.98828125,4,13.05,0.15,12.77,0.12,1923,0.9765625
12,1,256,0.89453125,0,13.27,0.12,12.96,0.18,1886,0.625
12,1,256,0.94140625,1,13.59,0.13,13.37,0.09,1920,0.85546875
12,1,256,0.9609375,2,13.11,0.21,12.81,0.1,1901,0.95703125
12,1,256,0.984375,3,13.29,0.15,13.05,0.09,1917,0.953125
12,1,256,0.9921875,4,13.1,0.18,12.8,0.12,1923,0.9765625
12,2,256,0.9140625,0,13.57,0.13,13.22,0.22,1886,0.62109375
12,2,256,0.97265625,1,13.62,0.26,13.24,0.12,1920,0.91015625
12,2,256,0.95703125,2,13.43,0.18,13.1,0.16,1901,0.9296875
12,2,256,0.9921875,3,13.47,0.22,13.15,0.11,1917,0.98046875
12,2,256,1.0,4,7.13,0.22,6.82,0.1,984,0.9921875
12,3,256,0.91796875,0,13.46,0.22,13.1,0.15,1886,0.609375
12,3,256,0.94140625,1,13.73,0.28,13.32,0.13,1920,0.83203125
12,3,256,0.953125,2,13.37,0.25,13.02,0.11,1901,0.94140625
12,3,256,0.97265625,3,13.35,0.18,13.04,0.13,1917,0.98046875
12,3,256,0.98046875,4,13.01,0.15,12.75,0.11,1923,0.97265625
12,4,256,0.91015625,0,13.42,0.13,13.04,0.24,1886,0.6015625
12,4,256,0.94921875,1,13.52,0.18,13.22,0.12,1920,0.8671875
12,4,256,0.97265625,2,13.49,0.17,13.2,0.13,1901,0.9453125
12,4,256,0.98828125,3,13.44,0.12,13.19,0.14,1917,0.97265625
12,4,256,0.98828125,4,13.07,0.13,12.81,0.13,1923,0.96875
12,5,256,0.90625,0,13.34,0.2,13.05,0.1,1886,0.609375
12,5,256,0.98046875,1,13.26,0.12,13.0,0.14,1920,0.890625
12,5,256,0.97265625,2,13.51,0.39,13.0,0.11,1901,0.96875
12,5,256,0.9765625,3,13.56,0.14,13.2,0.23,1917,0.93359375
12,5,256,0.9921875,4,12.89,0.19,12.61,0.09,1923,0.9765625
12,6,256,0.890625,0,13.4,0.12,12.94,0.34,1886,0.6171875
12,6,256,0.9609375,1,13.71,0.16,13.23,0.32,1920,0.84375
12,6,256,0.98046875,2,13.12,0.14,12.88,0.1,1901,0.94921875
12,6,256,0.98046875,3,13.41,0.19,13.09,0.14,1917,0.95703125
12,6,256,0.98046875,4,12.99,0.17,12.71,0.11,1923,0.97265625
12,7,256,0.890625,0,13.54,0.22,13.22,0.1,1886,0.6015625
12,7,256,0.9609375,1,13.5,0.19,13.18,0.13,1920,0.8984375
12,7,256,0.953125,2,13.14,0.13,12.92,0.09,1901,0.92578125
12,7,256,0.98046875,3,13.34,0.13,13.06,0.14,1917,0.9765625
12,7,256,0.97265625,4,13.03,0.14,12.75,0.14,1923,0.9609375
13,96.52,0.18
13,0,256,0.91796875,0,12.31,0.14,11.97,0.2,1886,0.625
13,0,256,0.97265625,1,12.66,0.3,12.28,0.09,1920,0.9140625
13,0,256,0.96484375,2,12.29,0.13,12.07,0.09,1901,0.91796875
13,0,256,0.9765625,3,12.62,0.18,12.36,0.09,1917,0.96484375
13,0,256,0.98046875,4,12.58,0.16,12.32,0.1,1923,0.9765625
13,1,256,0.8984375,0,24.63,0.65,23.88,0.1,1886,0.61328125
13,1,256,0.953125,1,24.56,0.47,23.97,0.12,1920,0.890625
13,1,256,0.97265625,2,24.4,0.24,24.06,0.11,1901,0.96484375
13,2,256,0.91015625,0,12.22,0.17,11.97,0.08,1886,0.625
13,2,256,0.9609375,1,12.56,0.13,12.31,0.12,1920,0.890625
13,2,256,0.96484375,2,12.35,0.15,12.06,0.13,1901,0.91015625
13,2,256,0.96875,3,12.58,0.16,12.31,0.11,1917,0.953125
13,2,256,0.984375,4,12.69,0.16,12.4,0.13,1923,0.96484375
13,3,256,0.91015625,0,12.39,0.17,12.05,0.17,1886,0.61328125
13,3,256,0.95703125,1,12.72,0.22,12.31,0.18,1920,0.8984375
13,3,256,0.9609375,2,12.37,0.13,12.11,0.13,1901,0.953125
13,3,256,0.9921875,3,12.72,0.16,12.44,0.12,1917,0.984375
13,3,256,0.984375,4,12.83,0.2,12.51,0.12,1923,0.953125
13,4,256,0.90625,0,12.37,0.15,12.09,0.12,1886,0.6015625
13,4,256,0.953125,1,12.5,0.12,12.28,0.1,1920,0.91015625
13,4,256,0.9375,2,12.31,0.13,12.08,0.11,1901,0.90625
13,4,256,0.98828125,3,12.59,0.13,12.36,0.1,1917,0.9765625
13,4,256,0.984375,4,12.57,0.16,12.32,0.09,1923,0.97265625
13,5,256,0.91796875,0,12.23,0.11,11.93,0.19,1886,0.609375
13,5,256,0.96484375,1,12.47,0.15,12.2,0.12,1920,0.91796875
13,5,256,0.96484375,2,12.37,0.23,12.06,0.08,1901,0.93359375
13,5,256,0.984375,3,12.6,0.15,12.37,0.09,1917,0.95703125
13,5,256,1.0,4,8.79,0.19,8.43,0.17,1313,0.96875
13,6,256,0.890625,0,24.06,0.18,23.72,0.17,1886,0.625
13,6,256,0.9453125,1,24.96,0.37,24.46,0.13,1920,0.88671875
13,6,256,0.953125,2,23.61,0.28,23.24,0.09,1901,0.953125
13,7,256,0.89453125,0,12.3,0.24,11.97,0.09,1886,0.60546875
13,7,256,0.9453125,1,12.63,0.27,12.26,0.1,1920,0.84765625
13,7,256,0.984375,2,12.41,0.13,12.14,0.14,1901,0.97265625
13,7,256,0.98046875,3,12.64,0.21,12.34,0.09,1917,0.98046875
13,7,256,0.984375,4,12.56,0.14,12.33,0.1,1923,0.95703125
14,105.63,0.18
14,0,256,0.890625,0,13.45,0.13,13.21,0.11,1886,0.61328125
14,0,256,0.94921875,1,13.43,0.16,13.19,0.09,1920,0.890625
14,0,256,0.97265625,2,13.1,0.13,12.88,0.08,1901,0.94140625
14,0,256,0.96484375,3,13.28,0.16,13.03,0.09,1917,0.94140625
14,0,256,0.98828125,4,13.86,0.21,13.54,0.12,1923,0.96875
14,0,256,0.98828125,5,13.02,0.17,12.76,0.09,1883,0.96875
14,1,256,0.90625,0,13.48,0.14,13.22,0.11,1886,0.61328125
14,1,256,0.94921875,1,13.59,0.12,13.36,0.12,1920,0.8984375
14,1,256,0.9609375,2,13.24,0.16,12.97,0.11,1901,0.94921875
14,1,256,0.98046875,3,13.3,0.18,13.03,0.09,1917,0.94140625
14,1,256,0.984375,4,13.88,0.12,13.63,0.13,1923,0.96875
14,1,256,0.984375,5,13.19,0.15,12.88,0.16,1883,0.96484375
14,2,256,0.8984375,0,13.5,0.16,13.19,0.15,1886,0.62890625
14,2,256,0.9765625,1,13.58,0.15,13.31,0.11,1920,0.921875
14,2,256,0.95703125,2,13.17,0.11,12.92,0.14,1901,0.93359375
14,2,256,0.96484375,3,13.27,0.15,13.03,0.09,1917,0.9375
14,2,256,0.99609375,4,13.82,0.15,13.57,0.1,1923,0.98046875
14,2,256,1.0,5,11.87,0.17,11.57,0.13,1703,0.9765625
14,3,256,0.90234375,0,13.63,0.18,13.36,0.09,1886,0.62109375
14,3,256,0.953125,1,13.76,0.16,13.37,0.24,1920,0.8984375
14,3,256,0.96875,2,13.3,0.14,13.07,0.09,1901,0.921875
14,3,256,0.97265625,3,13.56,0.13,13.33,0.1,1917,0.953125
14,3,256,0.98828125,4,13.91,0.16,13.67,0.08,1923,0.97265625
14,3,256,0.98828125,5,13.16,0.14,12.91,0.11,1883,0.97265625
14,4,256,0.89453125,0,13.38,0.17,13.09,0.11,1886,0.6171875
14,4,256,0.91796875,1,13.43,0.16,13.16,0.11,1920,0.6171875
14,4,256,0.95703125,2,13.21,0.16,12.96,0.09,1901,0.9296875
14,4,256,0.98046875,3,13.3,0.17,13.02,0.1,1917,0.9609375
14,4,256,0.96875,4,13.84,0.16,13.54,0.15,1923,0.9453125
14,4,256,0.9765625,5,13.18,0.17,12.86,0.14,1883,0.9609375
14,5,256,0.92578125,0,13.5,0.19,13.18,0.12,1886,0.609375
14,5,256,0.94140625,1,13.39,0.16,13.15,0.08,1920,0.90625
14,5,256,0.96875,2,13.18,0.17,12.88,0.13,1901,0.9296875
14,5,256,0.98046875,3,13.24,0.16,12.96,0.12,1917,0.9609375
14,5,256,0.99609375,4,13.64,0.13,13.4,0.11,1923,0.984375
14,5,256,0.9765625,5,13.0,0.11,12.74,0.15,1883,0.96875
14,6,256,0.8984375,0,13.51,0.16,13.25,0.1,1886,0.61328125
14,6,256,0.9375,1,13.54,0.14,13.3,0.1,1920,0.82421875
14,6,256,0.953125,2,13.26,0.14,13.01,0.1,1901,0.92578125
14,6,256,0.9921875,3,13.39,0.19,13.11,0.09,1917,0.97265625
14,6,256,0.99609375,4,14.25,0.13,13.97,0.15,1923,0.98046875
14,6,256,0.99609375,5,13.06,0.16,12.81,0.09,1883,0.9921875
14,7,256,0.8984375,0,13.52,0.19,13.24,0.09,1886,0.62890625
14,7,256,0.95703125,1,13.47,0.16,13.16,0.15,1920,0.83203125
14,7,256,0.953125,2,13.1,0.12,12.88,0.1,1901,0.9140625
14,7,256,0.98828125,3,13.22,0.14,12.99,0.09,1917,0.94921875
14,7,256,0.98046875,4,13.86,0.19,13.59,0.08,1923,0.94921875
14,7,256,1.0,5,11.88,0.14,11.61,0.13,1703,0.99609375
15,90.67,0.18
15,0,256,0.90625,0,12.17,0.17,11.91,0.09,1886,0.6015625
15,0,256,0.95703125,1,12.53,0.16,12.28,0.09,1920,0.81640625
15,0,256,0.96875,2,12.47,0.12,12.24,0.11,1901,0.9453125
15,0,256,0.96875,3,12.55,0.15,12.27,0.13,1917,0.96484375
15,0,256,0.98828125,4,12.52,0.16,12.26,0.1,1923,0.96875
15,1,256,0.91015625,0,12.18,0.13,11.95,0.11,1886,0.609375
15,1,256,0.96484375,1,12.61,0.27,12.26,0.09,1920,0.87890625
15,1,256,0.97265625,2,12.43,0.13,12.21,0.08,1901,0.93359375
15,1,256,0.9765625,3,12.57,0.19,12.24,0.14,1917,0.97265625
15,1,256,0.9921875,4,12.52,0.17,12.18,0.17,1923,0.984375
15,2,256,0.91796875,0,12.27,0.11,12.03,0.12,1886,0.6171875
15,2,256,0.97265625,1,12.67,0.19,12.39,0.09,1920,0.91015625
15,2,256,0.95703125,2,12.39,0.14,12.16,0.09,1901,0.9375
15,2,256,0.98828125,3,12.62,0.23,12.29,0.1,1917,0.96875
15,2,256,0.9921875,4,12.51,0.15,12.27,0.09,1923,0.9765625
15,3,256,0.91015625,0,12.41,0.24,11.97,0.19,1886,0.61328125
15,3,256,0.96875,1,12.66,0.15,12.37,0.15,1920,0.87890625
15,3,256,0.9921875,2,12.56,0.16,12.26,0.14,1901,0.97265625
15,3,256,0.9921875,3,12.68,0.26,12.34,0.08,1917,0.98046875
15,3,256,1.0,4,4.23,0.18,3.81,0.23,600,0.9921875
15,4,256,0.9140625,0,12.23,0.16,11.98,0.09,1886,0.64453125
15,4,256,0.9609375,1,12.7,0.3,12.31,0.09,1920,0.84375
15,4,256,0.98046875,2,12.37,0.13,12.16,0.08,1901,0.96875
15,4,256,0.98046875,3,12.54,0.15,12.25,0.14,1917,0.95703125
15,4,256,0.99609375,4,12.58,0.23,12.23,0.12,1923,0.9921875
15,5,256,0.91796875,0,12.41,0.11,12.17,0.14,1886,0.609375
15,5,256,0.95703125,1,12.67,0.14,12.43,0.09,1920,0.890625
15,5,256,0.984375,2,12.54,0.2,12.26,0.08,1901,0.96484375
15,5,256,0.9765625,3,12.81,0.16,12.39,0.26,1917,0.96484375
15,5,256,0.9921875,4,12.71,0.14,12.43,0.14,1923,0.984375
15,6,256,0.890625,0,24.47,0.17,24.17,0.12,1886,0.60546875
15,6,256,0.96875,1,24.82,0.14,24.56,0.12,1920,0.90625
15,6,256,0.98046875,2,24.58,0.21,24.16,0.21,1901,0.95703125
15,7,256,0.9140625,0,24.42,0.16,24.17,0.09,1886,0.609375
15,7,256,0.96875,1,24.92,0.16,24.68,0.09,1920,0.91796875
15,7,256,0.984375,2,24.52,0.15,24.27,0.09,1901,0.96484375
16,139.61,0.17
16,0,256,0.921875,0,23.78,0.16,23.48,0.14,1886,0.62890625
16,0,256,0.9609375,1,24.45,0.16,24.19,0.1,1920,0.9140625
16,0,256,0.96875,2,24.27,0.16,23.99,0.11,1901,0.953125
16,0,256,0.98046875,3,24.55,0.17,24.21,0.17,1917,0.96875
16,0,256,0.9765625,4,24.48,0.12,24.23,0.12,1923,0.94140625
16,1,256,0.9140625,0,12.39,0.16,12.09,0.15,1886,0.61328125
16,1,256,0.93359375,1,12.44,0.16,12.18,0.1,1920,0.8125
16,1,256,0.9453125,2,12.4,0.14,12.09,0.17,1901,0.89453125
16,1,256,0.96875,3,12.54,0.17,12.16,0.22,1917,0.9296875
16,1,256,0.98046875,4,12.46,0.11,12.24,0.11,1923,0.9453125
16,1,256,0.97265625,5,12.14,0.13,11.93,0.08,1883,0.96875
16,1,256,0.98828125,6,12.56,0.16,12.19,0.21,1914,0.97265625
16,1,256,0.98046875,7,12.3,0.12,12.1,0.08,1905,0.98046875
16,1,256,0.984375,8,12.26,0.15,12.0,0.11,1892,0.97265625
16,2,256,0.8984375,0,12.51,0.17,12.19,0.15,1886,0.61328125
16,2,256,0.96484375,1,12.49,0.12,12.28,0.09,1920,0.89453125
16,2,256,0.9609375,2,12.55,0.16,12.2,0.19,1901,0.92578125
16,2,256,0.9765625,3,12.49,0.13,12.23,0.13,1917,0.9453125
16,2,256,0.98046875,4,12.76,0.1,12.39,0.26,1923,0.9609375
16,2,256,0.96484375,5,12.44,0.23,12.07,0.14,1883,0.94921875
16,2,256,0.98828125,6,12.44,0.14,12.2,0.1,1914,0.95703125
16,2,256,0.984375,7,12.61,0.24,12.28,0.09,1905,0.98046875
16,2,256,0.98828125,8,12.37,0.17,12.11,0.1,1892,0.9921875
16,3,256,0.921875,0,12.38,0.17,12.09,0.12,1886,0.62890625
16,3,256,0.96484375,1,14.25,0.12,12.19,1.94,1920,0.875
16,3,256,0.97265625,2,12.33,0.13,12.1,0.09,1901,0.94140625
16,3,256,0.98046875,3,12.4,0.12,12.17,0.11,1917,0.97265625
16,3,256,0.9765625,4,12.52,0.14,12.27,0.12,1923,0.96484375
16,3,256,0.984375,5,12.41,0.3,12.0,0.11,1883,0.9765625
16,3,256,0.9921875,6,12.47,0.16,12.22,0.08,1914,0.98046875
16,3,256,0.99609375,7,12.35,0.11,12.13,0.12,1905,0.984375
16,3,256,1.0,8,1.11,0.16,0.83,0.11,131,0.9921875
16,4,256,0.91015625,0,12.36,0.14,12.12,0.11,1886,0.609375
16,4,256,0.953125,1,14.44,0.12,12.18,2.14,1920,0.91015625
16,4,256,0.96875,2,12.8,0.49,12.09,0.22,1901,0.94140625
16,4,256,0.96875,3,12.74,0.42,12.18,0.15,1917,0.94921875
16,4,256,0.98828125,4,12.68,0.27,12.29,0.11,1923,0.96875
16,4,256,0.9765625,5,12.18,0.12,11.98,0.08,1883,0.96875
16,4,256,0.984375,6,12.37,0.12,12.18,0.08,1914,0.98046875
16,4,256,0.9921875,7,12.43,0.15,12.19,0.09,1905,0.98828125
16,5,256,0.9140625,0,24.21,0.17,23.92,0.11,1886,0.6171875
16,5,256,0.9609375,1,22.57,0.36,22.11,0.1,1920,0.8828125
16,5,256,0.96875,2,24.21,0.28,23.81,0.12,1901,0.94140625
16,5,256,0.9921875,3,24.4,0.14,24.18,0.08,1917,0.98046875
16,5,256,0.9921875,4,24.52,0.15,24.23,0.14,1923,0.9921875
16,6,256,0.89453125,0,26.43,0.17,24.07,2.19,1886,0.625
16,6,256,0.96875,1,24.6,0.41,24.06,0.13,1920,0.91015625
16,6,256,0.98046875,2,24.36,0.26,24.0,0.1,1901,0.96484375
16,6,256,0.98828125,3,24.47,0.15,24.21,0.11,1917,0.97265625
16,6,256,0.984375,4,22.41,0.16,22.1,0.15,1923,0.98046875
16,7,256,0.8828125,0,24.02,0.18,23.75,0.09,1886,0.59765625
16,7,256,0.9609375,1,24.5,0.12,24.22,0.16,1920,0.93359375
16,7,256,0.984375,2,24.28,0.11,24.05,0.11,1901,0.9765625
16,7,256,0.99609375,3,24.54,0.11,24.3,0.13,1917,0.9765625
16,7,256,0.99609375,4,22.76,0.11,22.56,0.09,1923,0.9921875
17,118.07,0.18
17,0,256,0.8984375,0,13.11,0.12,12.87,0.12,1886,0.60546875
17,0,256,0.953125,1,13.91,0.19,13.56,0.16,1920,0.8828125
17,0,256,0.96875,2,13.54,0.33,13.13,0.09,1901,0.9453125
17,0,256,0.984375,3,13.47,0.16,13.18,0.12,1917,0.9765625
17,0,256,0.9921875,4,13.59,0.25,13.09,0.25,1923,0.984375
17,0,256,0.98828125,5,13.05,0.16,12.78,0.11,1883,0.984375
17,0,256,0.99609375,6,13.61,0.32,13.2,0.08,1914,0.98828125
17,1,256,0.90625,0,13.01,0.16,12.73,0.13,1886,0.6015625
17,1,256,0.95703125,1,13.84,0.16,13.48,0.2,1920,0.890625
17,1,256,0.96875,2,13.16,0.15,12.85,0.15,1901,0.95703125
17,1,256,0.9765625,3,13.35,0.17,13.02,0.17,1917,0.95703125
17,1,256,0.98046875,4,13.33,0.23,12.99,0.11,1923,0.94140625
17,1,256,0.98046875,5,12.85,0.13,12.61,0.11,1883,0.9609375
17,1,256,0.9921875,6,13.28,0.12,13.03,0.12,1914,0.9921875
17,2,256,0.921875,0,13.09,0.21,12.76,0.12,1886,0.625
17,2,256,0.9609375,1,13.84,0.24,13.45,0.15,1920,0.91796875
17,2,256,0.96484375,2,13.47,0.15,13.11,0.2,1901,0.9375
17,2,256,0.98046875,3,13.42,0.13,13.17,0.12,1917,0.95703125
17,2,256,0.98828125,4,13.42,0.12,13.13,0.17,1923,0.97265625
17,2,256,0.9921875,5,13.16,0.2,12.83,0.13,1883,0.99609375
17,2,256,0.99609375,6,13.39,0.13,13.15,0.11,1914,0.98828125
17,3,256,0.921875,0,13.11,0.26,12.72,0.13,1886,0.61328125
17,3,256,0.9609375,1,13.78,0.16,13.42,0.2,1920,0.90625
17,3,256,0.96875,2,13.17,0.16,12.9,0.1,1901,0.9375
17,3,256,0.984375,3,13.25,0.14,12.97,0.13,1917,0.96875
17,3,256,0.96875,4,13.25,0.16,12.99,0.09,1923,0.94921875
17,3,256,0.9921875,5,12.96,0.14,12.72,0.11,1883,0.98828125
17,3,256,0.99609375,6,13.36,0.15,13.1,0.11,1914,0.98828125
17,4,256,0.87890625,0,13.04,0.14,12.77,0.12,1886,0.6015625
17,4,256,0.95703125,1,13.65,0.1,13.44,0.11,1920,0.89453125
17,4,256,0.953125,2,13.41,0.24,13.04,0.13,1901,0.921875
17,4,256,0.98828125,3,13.38,0.25,13.03,0.1,1917,0.96875
17,4,256,0.98828125,4,13.22,0.11,13.0,0.1,1923,0.97265625
17,4,256,0.984375,5,12.92,0.15,12.68,0.09,1883,0.97265625
17,4,256,0.9921875,6,13.36,0.18,13.06,0.12,1914,0.98828125
17,5,256,0.90234375,0,12.98,0.12,12.73,0.13,1886,0.61328125
17,5,256,0.96484375,1,13.9,0.17,13.47,0.25,1920,0.89453125
17,5,256,0.97265625,2,13.59,0.27,12.97,0.36,1901,0.95703125
17,5,256,0.98828125,3,13.35,0.17,13.07,0.11,1917,0.95703125
17,5,256,0.9921875,4,13.28,0.17,13.01,0.1,1923,0.9609375
17,5,256,0.99609375,5,13.03,0.17,12.73,0.12,1883,0.9765625
17,5,256,1.0,6,9.74,0.12,9.52,0.1,1375,0.9921875
17,6,256,0.90234375,0,13.24,0.11,13.0,0.13,1886,0.61328125
17,6,256,0.96484375,1,14.03,0.16,13.74,0.13,1920,0.8828125
17,6,256,0.9765625,2,13.52,0.17,13.2,0.16,1901,0.9609375
17,6,256,0.98828125,3,13.55,0.17,13.29,0.09,1917,0.9765625
17,6,256,0.98828125,4,13.58,0.2,13.25,0.13,1923,0.9765625
17,6,256,0.984375,5,13.22,0.15,12.92,0.16,1883,0.98046875
17,6,256,0.98828125,6,13.53,0.13,13.31,0.09,1914,0.9921875
17,7,256,0.92578125,0,13.13,0.19,12.84,0.1,1886,0.6328125
17,7,256,0.97265625,1,13.77,0.14,13.51,0.12,1920,0.8984375
17,7,256,0.9609375,2,13.35,0.28,12.94,0.13,1901,0.91796875
17,7,256,0.9921875,3,13.35,0.24,13.03,0.08,1917,0.97265625
17,7,256,0.98046875,4,13.31,0.13,13.08,0.11,1923,0.97265625
17,7,256,0.984375,5,12.97,0.2,12.68,0.1,1883,0.96484375
17,7,256,0.99609375,6,13.38,0.16,13.1,0.12,1914,0.984375
18,83.35,0.18
18,0,256,0.87890625,0,12.24,0.16,11.96,0.12,1886,0.609375
18,0,256,0.94921875,1,12.54,0.12,12.18,0.23,1920,0.890625
18,0,256,0.984375,2,12.47,0.16,12.22,0.08,1901,0.9453125
18,0,256,0.984375,3,12.5,0.13,12.16,0.22,1917,0.97265625
18,0,256,0.9921875,4,12.78,0.36,12.2,0.23,1923,0.984375
18,1,256,0.93359375,0,12.27,0.12,11.99,0.16,1886,0.61328125
18,1,256,0.9609375,1,12.49,0.19,12.17,0.13,1920,0.8828125
18,1,256,0.96484375,2,12.5,0.14,12.25,0.11,1901,0.921875
18,1,256,0.96484375,3,12.47,0.19,12.17,0.11,1917,0.984375
18,1,256,0.98828125,4,12.6,0.16,12.26,0.18,1923,0.98046875
18,2,256,0.88671875,0,12.35,0.14,12.04,0.17,1886,0.62890625
18,2,256,0.96484375,1,12.53,0.21,12.24,0.09,1920,0.8515625
18,2,256,0.98046875,2,12.56,0.14,12.28,0.13,1901,0.9453125
18,2,256,0.99609375,3,13.29,0.62,12.26,0.41,1917,0.984375
18,3,256,0.90234375,0,12.51,0.15,11.98,0.38,1886,0.6171875
18,3,256,0.95703125,1,12.49,0.18,12.21,0.1,1920,0.8984375
18,3,256,0.97265625,2,12.51,0.17,12.25,0.09,1901,0.95703125
18,3,256,0.9765625,3,12.41,0.15,12.17,0.09,1917,0.97265625
18,3,256,0.984375,4,12.65,0.14,12.27,0.24,1923,0.9765625
18,4,256,0.91796875,0,12.2,0.16,11.94,0.1,1886,0.60546875
18,4,256,0.97265625,1,12.51,0.14,12.19,0.18,1920,0.8671875
18,4,256,0.984375,2,12.51,0.17,12.23,0.1,1901,0.96484375
18,4,256,0.98046875,3,12.38,0.14,12.13,0.11,1917,0.984375
18,4,256,0.98828125,4,12.5,0.15,12.23,0.12,1923,0.97265625
18,5,256,0.89453125,0,12.43,0.24,12.05,0.13,1886,0.61328125
18,5,256,0.96484375,1,12.56,0.15,12.27,0.13,1920,0.8359375
18,5,256,0.96875,2,12.58,0.12,12.38,0.08,1901,0.9375
18,5,256,0.984375,3,12.56,0.15,12.29,0.11,1917,0.984375
18,5,256,0.9921875,4,13.07,0.58,12.33,0.16,1923,0.984375
18,6,256,0.8984375,0,12.16,0.14,11.91,0.1,1886,0.60546875
18,6,256,0.91015625,1,12.33,0.12,12.12,0.09,1920,0.59765625
18,6,256,0.97265625,2,12.36,0.14,12.03,0.19,1901,0.91015625
18,6,256,0.984375,3,12.43,0.19,12.13,0.12,1917,0.9609375
18,6,256,0.98828125,4,12.38,0.11,12.16,0.11,1923,0.9765625
18,7,256,0.921875,0,12.25,0.2,11.95,0.09,1886,0.6171875
18,7,256,0.96484375,1,12.4,0.13,12.17,0.1,1920,0.89453125
18,7,256,0.95703125,2,12.58,0.36,12.05,0.16,1901,0.78125
18,7,256,0.97265625,3,12.42,0.16,12.16,0.1,1917,0.95703125
18,7,256,1.0,4,7.64,0.21,7.31,0.12,1152,0.97265625
0,125.41,12.82
0,0,256,0.9140625,0,12.38,0.21,11.95,0.22,1886,0.61328125
0,0,256,0.94921875,1,12.64,0.13,12.42,0.09,1920,0.89453125
0,0,256,0.953125,2,12.38,0.13,12.11,0.14,1901,0.91796875
0,0,256,0.9921875,3,12.43,0.11,12.21,0.11,1917,0.9765625
0,0,256,0.98828125,4,12.42,0.13,12.18,0.11,1923,0.98046875
0,0,256,0.98828125,5,12.44,0.16,11.99,0.3,1883,0.9765625
0,0,256,0.99609375,6,12.73,0.22,12.38,0.13,1914,0.9921875
0,1,256,0.9140625,0,12.46,0.14,12.05,0.28,1886,0.61328125
0,1,256,0.953125,1,12.74,0.11,12.44,0.19,1920,0.90625
0,1,256,0.94921875,2,12.46,0.19,12.18,0.09,1901,0.94140625
0,1,256,0.9921875,3,12.64,0.19,12.32,0.13,1917,0.96875
0,1,256,0.98046875,4,12.77,0.32,12.35,0.11,1923,0.9609375
0,1,256,0.99609375,5,12.5,0.27,12.0,0.23,1883,0.96875
0,1,256,1.0,6,7.51,0.15,7.26,0.1,1115,0.99609375
0,2,256,0.8984375,0,12.43,0.14,11.93,0.35,1886,0.640625
0,2,256,0.9609375,1,12.64,0.15,12.35,0.13,1920,0.9140625
0,2,256,0.98046875,2,12.41,0.15,12.1,0.17,1901,0.9453125
0,2,256,0.96875,3,12.42,0.11,12.19,0.12,1917,0.9296875
0,2,256,0.98828125,4,12.45,0.13,12.19,0.12,1923,0.9609375
0,2,256,0.9921875,5,12.14,0.12,11.92,0.1,1883,0.98828125
0,2,256,0.98046875,6,12.67,0.21,12.35,0.1,1914,0.9453125
0,3,256,0.921875,0,12.29,0.2,11.92,0.17,1886,0.6171875
0,3,256,0.9453125,1,12.62,0.2,12.33,0.09,1920,0.9140625
0,3,256,0.9609375,2,12.75,0.54,12.06,0.15,1901,0.9609375
0,3,256,0.9765625,3,12.57,0.25,12.18,0.14,1917,0.94921875
0,3,256,0.98828125,4,12.44,0.17,12.15,0.11,1923,0.9765625
0,3,256,0.9921875,5,12.27,0.18,11.92,0.17,1883,0.984375
0,3,256,0.9921875,6,12.53,0.13,12.3,0.11,1914,0.984375
0,4,256,0.89453125,0,12.68,0.2,12.15,0.33,1886,0.60546875
0,4,256,0.953125,1,12.78,0.21,12.49,0.08,1920,0.890625
0,4,256,0.96875,2,12.44,0.13,12.23,0.08,1901,0.94921875
0,4,256,0.98828125,3,12.84,0.4,12.35,0.08,1917,0.953125
0,4,256,0.984375,4,12.69,0.23,12.34,0.12,1923,0.94140625
0,4,256,0.99609375,5,12.67,0.15,12.04,0.49,1883,0.96875
0,4,256,0.9921875,6,12.71,0.16,12.46,0.09,1914,0.9921875
0,5,256,0.890625,0,12.43,0.2,12.07,0.16,1886,0.64453125
0,5,256,0.9375,1,13.07,0.3,12.4,0.37,1920,0.875
0,5,256,0.9609375,2,12.58,0.18,12.08,0.33,1901,0.921875
0,5,256,0.984375,3,12.45,0.14,12.22,0.09,1917,0.96875
0,5,256,0.99609375,4,13.14,0.82,12.23,0.08,1923,0.9765625
0,5,256,0.9921875,5,12.28,0.16,12.01,0.11,1883,0.984375
0,5,256,1.0,6,0.49,0.17,0.2,0.12,32,1.0
0,6,256,0.90625,0,12.4,0.22,12.05,0.13,1886,0.61328125
0,6,256,0.9296875,1,12.83,0.25,12.44,0.14,1920,0.8828125
0,6,256,0.97265625,2,12.54,0.3,12.16,0.08,1901,0.90625
0,6,256,0.98046875,3,12.59,0.13,12.29,0.17,1917,0.9765625
0,6,256,0.9921875,4,12.57,0.2,12.25,0.12,1923,0.97265625
0,6,256,0.99609375,5,12.3,0.18,12.01,0.12,1883,0.98828125
0,6,256,0.96484375,6,12.78,0.22,12.47,0.09,1914,0.98046875
0,7,256,0.89453125,0,12.37,0.22,11.91,0.24,1886,0.62109375
0,7,256,0.9375,1,12.5,0.15,12.17,0.18,1920,0.87890625
0,7,256,0.95703125,2,12.31,0.18,12.04,0.08,1901,0.91796875
0,7,256,0.98046875,3,12.46,0.16,12.15,0.14,1917,0.953125
0,7,256,0.98046875,4,12.45,0.16,12.18,0.11,1923,0.97265625
0,7,256,0.9921875,5,12.3,0.27,11.93,0.09,1883,0.97265625
0,7,256,0.9921875,6,12.42,0.18,12.13,0.11,1914,0.98828125
1,121.31,0.17
1,0,256,0.9140625,0,13.1,0.19,12.77,0.14,1886,0.609375
1,0,256,0.93359375,1,13.31,0.19,12.97,0.15,1920,0.890625
1,0,256,0.953125,2,13.49,0.26,13.13,0.1,1901,0.921875
1,0,256,0.9609375,3,13.47,0.36,13.01,0.1,1917,0.93359375
1,0,256,0.9921875,4,13.35,0.38,12.87,0.09,1923,0.96484375
1,0,256,0.98828125,5,12.97,0.15,12.73,0.09,1883,0.97265625
1,0,256,1.0,6,4.71,0.11,4.39,0.21,655,0.9921875
1,1,256,0.9140625,0,13.13,0.16,12.81,0.16,1886,0.61328125
1,1,256,0.953125,1,13.52,0.17,13.13,0.23,1920,0.859375
1,1,256,0.97265625,2,13.62,0.22,13.2,0.2,1901,0.953125
1,1,256,0.96875,3,13.3,0.16,13.04,0.1,1917,0.94140625
1,1,256,0.98046875,4,13.46,0.22,12.94,0.3,1923,0.9609375
1,1,256,0.9765625,5,13.11,0.2,12.77,0.13,1883,0.97265625
1,1,256,0.9921875,6,13.09,0.19,12.8,0.1,1914,0.984375
1,2,256,0.89453125,0,13.51,0.17,13.22,0.12,1886,0.62890625
1,2,256,0.953125,1,13.66,0.17,13.39,0.1,1920,0.90234375
1,2,256,0.97265625,2,14.1,0.16,13.81,0.13,1901,0.92578125
1,2,256,0.98828125,3,13.72,0.13,13.48,0.1,1917,0.97265625
1,2,256,0.9921875,4,14.32,0.18,13.49,0.65,1923,0.96484375
1,2,256,0.99609375,5,13.54,0.22,13.23,0.09,1883,0.98828125
1,2,256,0.99609375,6,13.09,0.12,12.89,0.08,1914,0.9921875
1,3,256,0.91796875,0,12.93,0.12,12.73,0.09,1886,0.640625
1,3,256,0.93359375,1,13.17,0.17,12.92,0.08,1920,0.7890625
1,3,256,0.96484375,2,13.34,0.21,13.02,0.1,1901,0.90234375
1,3,256,0.97265625,3,13.23,0.19,12.92,0.12,1917,0.95703125
1,3,256,0.97265625,4,13.3,0.23,12.93,0.14,1923,0.94921875
1,3,256,0.98828125,5,13.32,0.17,12.69,0.46,1883,0.97265625
1,3,256,0.9921875,6,12.87,0.17,12.56,0.14,1914,0.98046875
1,4,256,0.890625,0,13.13,0.18,12.86,0.09,1886,0.6328125
1,4,256,0.953125,1,13.44,0.18,13.13,0.13,1920,0.9140625
1,4,256,0.9609375,2,13.51,0.14,13.22,0.14,1901,0.92578125
1,4,256,0.97265625,3,13.75,0.13,13.08,0.54,1917,0.96484375
1,4,256,0.9921875,4,13.54,0.39,13.02,0.12,1923,0.984375
1,4,256,0.98828125,5,13.45,0.25,12.93,0.28,1883,0.9765625
1,4,256,0.9921875,6,13.06,0.24,12.72,0.09,1914,0.9921875
1,5,256,0.90625,0,13.09,0.21,12.76,0.12,1886,0.62109375
1,5,256,0.953125,1,13.57,0.16,13.32,0.09,1920,0.90234375
1,5,256,0.9609375,2,13.54,0.18,13.28,0.09,1901,0.921875
1,5,256,0.98828125,3,13.54,0.11,13.09,0.34,1917,0.97265625
1,5,256,0.97265625,4,13.42,0.19,13.0,0.23,1923,0.97265625
1,5,256,0.9765625,5,12.92,0.15,12.67,0.09,1883,0.9609375
1,5,256,1.0,6,12.93,0.13,12.6,0.2,1914,0.9921875
1,6,256,0.875,0,13.96,0.98,12.81,0.17,1886,0.62109375
1,6,256,0.9453125,1,13.33,0.18,13.06,0.09,1920,0.89453125
1,6,256,0.9453125,2,13.49,0.12,13.22,0.15,1901,0.92578125
1,6,256,0.98828125,3,13.21,0.13,12.98,0.1,1917,0.97265625
1,6,256,0.9921875,4,13.57,0.42,12.99,0.16,1923,0.953125
1,6,256,0.9921875,5,13.15,0.19,12.69,0.26,1883,0.984375
1,6,256,0.99609375,6,12.86,0.14,12.57,0.14,1914,0.9921875
1,7,256,0.90234375,0,13.64,0.78,12.72,0.15,1886,0.6171875
1,7,256,0.9609375,1,13.3,0.13,13.07,0.1,1920,0.91015625
1,7,256,0.953125,2,13.56,0.24,13.24,0.09,1901,0.953125
1,7,256,0.98828125,3,13.47,0.25,13.1,0.13,1917,0.96875
1,7,256,0.984375,4,13.17,0.13,12.93,0.11,1923,0.953125
1,7,256,0.984375,5,12.9,0.13,12.67,0.09,1883,0.97265625
1,7,256,0.9921875,6,12.99,0.15,12.71,0.14,1914,0.98828125
2,124.39,0.23
2,0,256,0.9140625,0,24.48,0.26,24.06,0.16,1886,0.609375
2,0,256,0.97265625,1,24.94,0.12,24.71,0.1,1920,0.8828125
2,0,256,0.97265625,2,24.33,0.13,24.04,0.16,1901,0.953125
2,0,256,0.98828125,3,24.9,0.22,24.56,0.12,1917,0.98046875
2,1,256,0.890625,0,24.49,0.26,23.88,0.35,1886,0.61328125
2,1,256,0.953125,1,24.88,0.19,24.55,0.14,1920,0.94140625
2,1,256,0.95703125,2,24.63,0.44,24.08,0.11,1901,0.9609375
2,1,256,0.98828125,3,24.18,0.18,23.87,0.12,1917,0.98828125
2,2,256,0.9140625,0,12.28,0.23,11.9,0.15,1886,0.609375
2,2,256,0.94921875,1,12.46,0.11,12.26,0.08,1920,0.890625
2,2,256,0.96484375,2,12.83,0.16,12.58,0.09,1901,0.90234375
2,2,256,0.96875,3,12.47,0.14,12.22,0.11,1917,0.94140625
2,2,256,0.9609375,4,12.59,0.21,12.27,0.11,1923,0.93359375
2,2,256,0.96875,5,12.33,0.14,12.03,0.15,1883,0.96484375
2,2,256,0.98046875,6,12.62,0.15,12.34,0.13,1914,0.984375
2,2,256,0.98828125,7,12.65,0.16,12.4,0.09,1905,0.9765625
2,3,256,0.91796875,0,12.29,0.24,11.96,0.09,1886,0.6171875
2,3,256,0.9609375,1,12.52,0.19,12.17,0.16,1920,0.90234375
2,3,256,0.95703125,2,12.77,0.13,12.48,0.16,1901,0.9453125
2,3,256,0.98828125,3,12.45,0.14,12.16,0.15,1917,0.9609375
2,3,256,0.984375,4,12.66,0.19,12.17,0.29,1923,0.95703125
2,3,256,0.98828125,5,12.34,0.26,11.97,0.11,1883,0.9765625
2,3,256,0.99609375,6,12.47,0.18,12.17,0.11,1914,0.984375
2,3,256,0.98046875,7,13.35,0.93,12.34,0.08,1905,0.96875
2,4,256,0.89453125,0,12.39,0.15,12.13,0.11,1886,0.609375
2,4,256,0.953125,1,12.61,0.12,12.28,0.21,1920,0.8671875
2,4,256,0.95703125,2,12.78,0.16,12.52,0.1,1901,0.9296875
2,4,256,0.984375,3,12.6,0.14,12.29,0.17,1917,0.96875
2,4,256,0.97265625,4,12.69,0.17,12.28,0.24,1923,0.9609375
2,4,256,0.984375,5,12.42,0.26,12.02,0.14,1883,0.9765625
2,4,256,0.99609375,6,12.43,0.15,12.16,0.12,1914,0.98828125
2,4,256,1.0,7,9.32,1.11,8.09,0.12,1238,0.9921875
2,5,256,0.91015625,0,12.62,0.2,12.09,0.33,1886,0.62109375
2,5,256,0.953125,1,12.54,0.15,12.3,0.1,1920,0.88671875
2,5,256,0.9609375,2,12.94,0.25,12.55,0.14,1901,0.953125
2,5,256,0.98046875,3,12.65,0.22,12.19,0.24,1917,0.96484375
2,5,256,0.9453125,4,12.56,0.14,12.34,0.08,1923,0.91796875
2,5,256,0.98046875,5,12.28,0.14,12.03,0.11,1883,0.95703125
2,5,256,0.9921875,6,12.6,0.16,12.27,0.17,1914,0.98046875
2,5,256,1.0,7,2.35,0.17,2.06,0.12,293,0.99609375
2,6,256,0.88671875,0,12.23,0.19,11.91,0.13,1886,0.62890625
2,6,256,0.953125,1,12.55,0.16,12.22,0.17,1920,0.8828125
2,6,256,0.9453125,2,12.84,0.25,12.49,0.09,1901,0.9296875
2,6,256,0.98046875,3,12.52,0.26,12.15,0.11,1917,0.96484375
2,6,256,0.97265625,4,12.57,0.18,12.22,0.16,1923,0.95703125
2,6,256,0.984375,5,12.36,0.17,12.07,0.12,1883,0.98046875
2,6,256,0.98828125,6,12.49,0.22,12.15,0.11,1914,0.98828125
2,6,256,0.984375,7,12.62,0.17,12.35,0.1,1905,0.984375
2,7,256,0.90234375,0,12.26,0.2,11.96,0.1,1886,0.62109375
2,7,256,0.94921875,1,12.62,0.35,12.17,0.1,1920,0.91015625
2,7,256,0.96484375,2,12.76,0.19,12.48,0.09,1901,0.9453125
2,7,256,0.9765625,3,12.47,0.23,12.14,0.11,1917,0.95703125
2,7,256,0.984375,4,12.58,0.25,12.18,0.15,1923,0.96875
2,7,256,0.98828125,5,12.23,0.13,11.98,0.12,1883,0.984375
2,7,256,0.99609375,6,12.48,0.12,12.09,0.27,1914,0.98828125
2,7,256,0.9921875,7,13.1,0.17,12.29,0.64,1905,0.98046875
3,118.22,0.21
3,0,256,0.921875,0,13.62,0.35,13.13,0.14,1886,0.62109375
3,0,256,0.95703125,1,14.08,0.24,13.71,0.13,1920,0.91796875
3,0,256,0.9609375,2,13.48,0.13,13.23,0.11,1901,0.953125
3,0,256,0.98046875,3,13.74,0.15,13.34,0.25,1917,0.9609375
3,0,256,0.9921875,4,13.54,0.24,13.22,0.09,1923,0.984375
3,0,256,0.984375,5,13.29,0.13,13.02,0.13,1883,0.984375
3,1,256,0.890625,0,13.49,0.35,13.0,0.15,1886,0.61328125
3,1,256,0.93359375,1,13.94,0.21,13.56,0.17,1920,0.83984375
3,1,256,0.96484375,2,13.22,0.15,12.92,0.15,1901,0.9296875
3,1,256,0.984375,3,13.59,0.24,13.18,0.17,1917,0.97265625
3,1,256,0.96875,4,13.26,0.19,12.95,0.12,1923,0.9765625
3,1,256,0.99609375,5,13.17,0.16,12.9,0.11,1883,0.97265625
3,1,256,0.9921875,6,12.58,0.21,12.23,0.13,1914,0.99609375
3,2,256,0.91015625,0,13.94,0.55,13.19,0.2,1886,0.62890625
3,2,256,0.9609375,1,13.88,0.2,13.56,0.12,1920,0.91796875
3,2,256,0.984375,2,13.48,0.19,13.18,0.12,1901,0.94921875
3,2,256,0.9765625,3,13.47,0.2,13.16,0.11,1917,0.953125
3,2,256,0.9921875,4,13.72,0.43,13.18,0.11,1923,0.96875
3,2,256,0.9921875,5,13.25,0.24,12.89,0.12,1883,0.98046875
3,3,256,0.90234375,0,13.52,0.34,13.05,0.12,1886,0.62109375
3,3,256,0.9609375,1,13.9,0.19,13.63,0.09,1920,0.90625
3,3,256,0.95703125,2,13.47,0.21,12.9,0.36,1901,0.9375
3,3,256,0.98828125,3,13.75,0.2,13.09,0.46,1917,0.96875
3,3,256,0.98828125,4,13.28,0.11,13.02,0.15,1923,0.9765625
3,3,256,0.984375,5,13.01,0.12,12.81,0.08,1883,0.9921875
3,3,256,0.9921875,6,12.53,0.21,12.18,0.15,1914,0.984375
3,4,256,0.92578125,0,13.56,0.23,13.18,0.16,1886,0.6171875
3,4,256,0.95703125,1,13.71,0.17,13.45,0.09,1920,0.890625
3,4,256,0.95703125,2,13.16,0.2,12.85,0.11,1901,0.9453125
3,4,256,0.96875,3,13.29,0.23,12.91,0.15,1917,0.9375
3,4,256,0.96875,4,13.25,0.19,12.91,0.14,1923,0.9453125
3,4,256,0.96875,5,13.21,0.22,12.71,0.28,1883,0.9609375
3,4,256,0.98828125,6,12.47,0.15,12.21,0.11,1914,0.9765625
3,5,256,0.92578125,0,13.45,0.15,13.2,0.09,1886,0.61328125
3,5,256,0.95703125,1,13.96,0.21,13.59,0.16,1920,0.90234375
3,5,256,0.97265625,2,13.36,0.16,13.03,0.17,1901,0.93359375
3,5,256,0.9765625,3,13.48,0.29,13.07,0.12,1917,0.96484375
3,5,256,0.9765625,4,13.32,0.16,13.03,0.13,1923,0.96484375
3,5,256,0.98828125,5,13.27,0.31,12.78,0.17,1883,0.98046875
3,5,256,1.0,6,0.71,0.2,0.38,0.12,61,0.99609375
3,6,256,0.9140625,0,13.51,0.19,13.17,0.16,1886,0.62109375
3,6,256,0.95703125,1,13.66,0.12,13.45,0.08,1920,0.90625
3,6,256,0.953125,2,13.38,0.19,13.0,0.19,1901,0.9140625
3,6,256,0.9765625,3,13.42,0.26,12.99,0.16,1917,0.953125
3,6,256,0.984375,4,13.13,0.13,12.87,0.13,1923,0.97265625
3,6,256,0.98046875,5,13.11,0.18,12.78,0.15,1883,0.97265625
3,6,256,0.99609375,6,12.51,0.12,12.26,0.13,1914,0.98828125
3,7,256,0.92578125,0,13.37,0.13,13.1,0.14,1886,0.625
3,7,256,0.9765625,1,14.08,0.26,13.58,0.23,1920,0.9140625
3,7,256,0.9609375,2,13.32,0.22,12.95,0.15,1901,0.95703125
3,7,256,0.9765625,3,13.47,0.21,13.18,0.08,1917,0.96484375
3,7,256,0.9921875,4,13.27,0.23,12.95,0.09,1923,0.97265625
3,7,256,0.98828125,5,13.32,0.17,12.88,0.27,1883,0.96875
3,7,256,0.9921875,6,12.44,0.11,12.21,0.11,1914,0.98828125
4,117.41,0.18
4,0,256,0.91015625,0,12.32,0.11,11.99,0.22,1886,0.61328125
4,0,256,0.9375,1,12.53,0.19,12.12,0.22,1920,0.87109375
4,0,256,0.953125,2,12.78,0.31,12.36,0.11,1901,0.921875
4,0,256,0.98828125,3,12.74,0.18,12.25,0.31,1917,0.98828125
4,0,256,0.99609375,4,12.52,0.2,12.22,0.09,1923,0.9765625
4,0,256,0.9921875,5,12.3,0.23,11.92,0.15,1883,0.98828125
4,0,256,1.0,6,11.35,0.2,11.03,0.12,1736,0.99609375
4,1,256,0.91015625,0,12.39,0.23,12.07,0.09,1886,0.609375
4,1,256,0.97265625,1,12.68,0.29,12.26,0.13,1920,0.91015625
4,1,256,0.98828125,2,12.7,0.16,12.41,0.12,1901,0.96484375
4,1,256,0.9921875,3,15.29,2.89,12.23,0.17,1917,0.98828125
4,1,256,0.99609375,4,12.56,0.12,12.26,0.18,1923,0.9921875
4,1,256,0.984375,5,12.35,0.12,12.05,0.17,1883,0.9765625
4,2,256,0.88671875,0,24.25,0.18,23.98,0.09,1886,0.625
4,2,256,0.94921875,1,24.99,0.16,24.71,0.13,1920,0.9140625
4,2,256,0.97265625,2,24.43,0.12,24.17,0.14,1901,0.96484375
4,2,256,0.984375,3,25.24,0.82,24.31,0.11,1917,0.98828125
4,3,256,0.91015625,0,12.31,0.11,12.05,0.14,1886,0.61328125
4,3,256,0.9609375,1,12.51,0.18,12.23,0.09,1920,0.8359375
4,3,256,0.98046875,2,12.69,0.12,12.46,0.11,1901,0.9453125
4,3,256,0.9921875,3,12.51,0.14,12.28,0.1,1917,0.98046875
4,3,256,0.99609375,4,12.55,0.16,12.27,0.12,1923,0.9921875
4,3,256,0.9921875,5,12.36,0.12,11.99,0.25,1883,0.99609375
4,3,256,1.0,6,11.33,0.14,11.07,0.13,1736,0.99609375
4,4,256,0.91015625,0,24.44,0.13,24.2,0.11,1886,0.625
4,4,256,0.96484375,1,25.02,0.17,24.73,0.12,1920,0.91015625
4,4,256,0.98046875,2,24.62,0.16,24.34,0.12,1901,0.98828125
4,4,256,1.0,3,26.86,0.18,24.53,2.15,1917,0.99609375
4,5,256,0.9140625,0,12.27,0.12,11.96,0.18,1886,0.61328125
4,5,256,0.9375,1,12.56,0.25,12.2,0.11,1920,0.85546875
4,5,256,0.94921875,2,12.69,0.17,12.42,0.11,1901,0.95703125
4,5,256,0.9921875,3,12.34,0.14,12.11,0.08,1917,0.98828125
4,5,256,0.98046875,4,12.51,0.13,12.26,0.12,1923,0.97265625
4,5,256,0.9921875,5,12.29,0.2,11.99,0.1,1883,0.98046875
4,5,256,0.98828125,6,13.11,0.79,12.16,0.16,1914,0.9765625
4,6,256,0.9140625,0,12.25,0.18,11.88,0.19,1886,0.640625
4,6,256,0.96484375,1,12.39,0.21,12.1,0.08,1920,0.8671875
4,6,256,0.98828125,2,12.85,0.16,12.31,0.38,1901,0.96484375
4,6,256,0.9921875,3,12.51,0.21,12.12,0.18,1917,0.98046875
4,6,256,0.99609375,4,12.55,0.16,12.11,0.28,1923,0.98828125
4,6,256,0.99609375,5,12.2,0.18,11.94,0.08,1883,0.98828125
4,6,256,0.99609375,6,12.53,0.27,12.09,0.17,1914,0.99609375
4,7,256,0.89453125,0,12.4,0.19,12.03,0.18,1886,0.59765625
4,7,256,0.9765625,1,12.74,0.43,12.18,0.13,1920,0.88671875
4,7,256,0.96484375,2,12.83,0.22,12.51,0.1,1901,0.94921875
4,7,256,0.984375,3,12.45,0.15,12.21,0.09,1917,0.9609375
4,7,256,0.95703125,4,12.52,0.17,12.26,0.09,1923,0.92578125
4,7,256,0.98828125,5,12.33,0.18,12.01,0.14,1883,0.9765625
4,7,256,1.0,6,0.46,0.13,0.2,0.14,32,1.0
5,74.75,0.19
5,0,256,0.921875,0,12.24,0.19,11.93,0.12,1886,0.6171875
5,0,256,0.96875,1,12.56,0.18,12.25,0.13,1920,0.875
5,0,256,0.94921875,2,12.61,0.15,12.33,0.13,1901,0.93359375
5,0,256,0.96484375,3,12.41,0.18,12.15,0.09,1917,0.94921875
5,1,256,0.8984375,0,12.7,0.52,12.09,0.09,1886,0.6171875
5,1,256,0.9453125,1,12.55,0.13,12.33,0.09,1920,0.8984375
5,1,256,0.98046875,2,12.65,0.11,12.46,0.08,1901,0.9609375
5,1,256,0.9921875,3,12.57,0.12,12.32,0.13,1917,0.9765625
5,2,256,0.90234375,0,12.62,0.52,11.98,0.11,1886,0.61328125
5,2,256,0.96875,1,12.81,0.13,12.28,0.4,1920,0.90625
5,2,256,0.97265625,2,12.58,0.15,12.31,0.12,1901,0.94921875
5,2,256,1.0,3,4.18,0.25,3.8,0.13,597,0.98828125
5,3,256,0.92578125,0,12.67,0.55,11.98,0.13,1886,0.61328125
5,3,256,0.94921875,1,12.5,0.16,12.22,0.12,1920,0.90625
5,3,256,0.98046875,2,12.8,0.39,12.33,0.08,1901,0.92578125
5,3,256,0.9921875,3,12.52,0.23,12.16,0.13,1917,0.98046875
5,4,256,0.93359375,0,12.68,0.51,12.09,0.08,1886,0.62109375
5,4,256,0.96484375,1,12.58,0.17,12.31,0.11,1920,0.90234375
5,4,256,0.96875,2,12.78,0.3,12.37,0.11,1901,0.9453125
5,4,256,0.984375,3,12.53,0.12,12.28,0.12,1917,0.9765625
5,5,256,0.92578125,0,12.54,0.48,11.96,0.09,1886,0.60546875
5,5,256,0.97265625,1,12.48,0.13,12.21,0.15,1920,0.921875
5,5,256,0.98828125,2,12.53,0.13,12.27,0.13,1901,0.97265625
5,5,256,0.9765625,3,12.55,0.21,12.19,0.15,1917,0.96875
5,6,256,0.91015625,0,12.32,0.2,12.02,0.1,1886,0.62109375
5,6,256,0.95703125,1,12.47,0.17,12.22,0.09,1920,0.91796875
5,6,256,0.9765625,2,12.53,0.14,12.3,0.1,1901,0.953125
5,6,256,0.98046875,3,12.57,0.22,12.24,0.12,1917,0.97265625
5,7,256,0.90234375,0,12.12,0.12,11.9,0.1,1886,0.62109375
5,7,256,0.9609375,1,12.74,0.15,12.14,0.45,1920,0.88671875
5,7,256,0.98046875,2,12.28,0.16,12.03,0.09,1901,0.9453125
5,7,256,0.96484375,3,12.36,0.16,12.1,0.1,1917,0.9609375
6,69.31,0.18
6,0,256,0.890625,0,12.32,0.18,12.02,0.12,1886,0.609375
6,0,256,0.9453125,1,12.81,0.18,12.48,0.16,1920,0.8359375
6,0,256,0.96875,2,12.52,0.25,12.16,0.12,1901,0.94921875
6,0,256,0.97265625,3,12.8,0.49,12.21,0.09,1917,0.96484375
6,1,256,0.8984375,0,12.24,0.13,11.99,0.12,1886,0.625
6,1,256,0.94921875,1,12.97,0.36,12.47,0.15,1920,0.90234375
6,1,256,0.953125,2,12.88,0.2,12.12,0.56,1901,0.93359375
6,1,256,0.95703125,3,12.65,0.32,12.25,0.08,1917,0.9765625
6,2,256,0.90625,0,12.47,0.39,11.98,0.1,1886,0.609375
6,2,256,0.95703125,1,12.78,0.25,12.44,0.1,1920,0.90234375
6,2,256,0.98046875,2,13.39,1.06,12.1,0.23,1901,0.9453125
6,2,256,1.0,3,12.71,0.13,12.21,0.37,1917,0.9765625
6,3,256,0.9296875,0,12.2,0.16,11.96,0.08,1886,0.61328125
6,3,256,0.96875,1,12.92,0.46,12.37,0.08,1920,0.90234375
6,3,256,0.9765625,2,12.35,0.21,12.06,0.09,1901,0.96875
6,3,256,0.9921875,3,12.91,0.61,12.19,0.12,1917,0.96484375
6,4,256,0.90625,0,12.27,0.12,12.03,0.12,1886,0.62890625
6,4,256,0.96484375,1,12.72,0.19,12.39,0.14,1920,0.9296875
6,4,256,0.96875,2,12.42,0.26,12.05,0.12,1901,0.921875
6,4,256,1.0,3,12.39,0.18,12.11,0.1,1917,0.9765625
6,5,256,0.91796875,0,12.58,0.16,12.0,0.42,1886,0.6171875
6,5,256,0.953125,1,12.71,0.14,12.43,0.14,1920,0.8828125
6,5,256,0.9765625,2,12.45,0.2,12.15,0.1,1901,0.95703125
6,5,256,0.9921875,3,12.41,0.15,12.14,0.12,1917,0.96875
6,6,256,0.90234375,0,12.59,0.16,12.05,0.37,1886,0.6171875
6,6,256,0.94921875,1,13.63,0.19,12.41,1.02,1920,0.91015625
6,6,256,0.96875,2,12.82,0.59,12.14,0.09,1901,0.9296875
6,6,256,0.98046875,3,12.59,0.19,12.27,0.13,1917,0.95703125
6,7,256,0.91015625,0,12.15,0.15,11.9,0.1,1886,0.62890625
6,7,256,0.93359375,1,12.46,0.19,12.14,0.14,1920,0.83203125
6,7,256,0.9765625,2,27.36,0.14,12.08,15.13,1901,0.9140625
7,118.96,0.18
7,0,256,0.90625,0,13.49,0.15,13.22,0.13,1886,0.625
7,0,256,0.953125,1,13.72,0.18,13.39,0.15,1920,0.91015625
7,0,256,0.9765625,2,13.7,0.43,13.16,0.11,1901,0.953125
7,0,256,0.9921875,3,13.95,0.54,13.31,0.1,1917,0.9765625
7,0,256,0.99609375,4,13.63,0.12,13.4,0.11,1923,0.98046875
7,0,256,0.9921875,5,13.21,0.19,12.94,0.08,1883,0.98828125
7,0,256,0.9921875,6,13.42,0.22,13.07,0.12,1914,0.99609375
7,1,256,0.87890625,0,13.22,0.15,12.97,0.11,1886,0.60546875
7,1,256,0.95703125,1,13.25,0.24,12.9,0.11,1920,0.921875
7,1,256,0.96484375,2,12.96,0.12,12.76,0.08,1901,0.94921875
7,1,256,0.9609375,3,13.16,0.13,12.87,0.16,1917,0.94921875
7,1,256,0.9921875,4,13.51,0.14,13.07,0.3,1923,0.94921875
7,1,256,0.9921875,5,13.3,0.3,12.9,0.11,1883,0.9921875
7,1,256,0.98828125,6,13.16,0.12,12.87,0.17,1914,0.98828125
7,2,256,0.91015625,0,13.37,0.17,12.91,0.28,1886,0.6328125
7,2,256,0.93359375,1,13.23,0.12,13.02,0.09,1920,0.87109375
7,2,256,0.95703125,2,13.21,0.2,12.9,0.12,1901,0.9140625
7,2,256,0.984375,3,13.74,0.55,13.09,0.1,1917,0.98046875
7,2,256,0.9921875,4,13.91,0.42,13.34,0.14,1923,0.98828125
7,2,256,0.98828125,5,13.11,0.16,12.87,0.09,1883,0.98828125
7,2,256,0.99609375,6,13.25,0.24,12.82,0.19,1914,0.98828125
7,3,256,0.90234375,0,13.0,0.14,12.7,0.16,1886,0.59765625
7,3,256,0.96875,1,13.36,0.12,12.82,0.41,1920,0.86328125
7,3,256,0.98046875,2,12.89,0.13,12.64,0.13,1901,0.96875
7,3,256,0.98046875,3,13.08,0.17,12.8,0.11,1917,0.9609375
7,3,256,0.98828125,4,13.33,0.16,12.87,0.3,1923,0.96875
7,3,256,0.98828125,5,13.27,0.38,12.78,0.1,1883,0.98046875
7,3,256,0.98828125,6,13.34,0.47,12.75,0.11,1914,0.9921875
7,4,256,0.8984375,0,13.88,0.39,12.96,0.52,1886,0.609375
7,4,256,0.9609375,1,13.28,0.14,13.03,0.11,1920,0.8828125
7,4,256,0.94921875,2,13.36,0.39,12.86,0.11,1901,0.91796875
7,4,256,0.9921875,3,13.47,0.14,13.03,0.31,1917,0.96875
7,4,256,0.984375,4,13.62,0.14,13.33,0.15,1923,0.96875
7,4,256,0.98828125,5,13.82,0.13,12.83,0.86,1883,0.96875
7,4,256,1.0,6,8.37,0.32,7.94,0.12,1142,0.99609375
7,5,256,0.8984375,0,13.32,0.43,12.76,0.12,1886,0.609375
7,5,256,0.953125,1,13.39,0.37,12.91,0.11,1920,0.921875
7,5,256,0.96875,2,13.18,0.13,12.88,0.16,1901,0.94140625
7,5,256,0.98828125,3,13.16,0.24,12.78,0.13,1917,0.95703125
7,5,256,0.98046875,4,13.4,0.19,13.11,0.1,1923,0.96484375
7,5,256,0.984375,5,13.0,0.18,12.7,0.12,1883,0.984375
7,5,256,0.99609375,6,12.99,0.12,12.74,0.14,1914,0.98828125
7,6,256,0.92578125,0,13.2,0.15,12.91,0.13,1886,0.62890625
7,6,256,0.9453125,1,13.96,0.7,13.13,0.13,1920,0.90234375
7,6,256,0.94140625,2,13.25,0.2,12.96,0.09,1901,0.8671875
7,6,256,0.9921875,3,13.25,0.13,13.03,0.09,1917,0.98046875
7,6,256,0.9765625,4,13.67,0.17,13.39,0.11,1923,0.98046875
7,6,256,0.98828125,5,13.29,0.14,13.03,0.13,1883,0.98046875
7,6,256,1.0,6,10.04,0.13,9.68,0.23,1406,0.9921875
7,7,256,0.89453125,0,12.32,0.21,11.98,0.13,1886,0.609375
7,7,256,0.94140625,1,12.69,0.36,12.19,0.14,1920,0.88671875
7,7,256,0.953125,2,12.37,0.16,12.07,0.14,1901,0.9140625
7,7,256,0.984375,3,12.36,0.12,12.15,0.09,1917,0.9609375
7,7,256,0.98828125,4,12.49,0.17,12.2,0.12,1923,0.96875
7,7,256,0.98828125,5,12.82,0.17,11.98,0.67,1883,0.97265625
7,7,256,0.99609375,6,12.41,0.15,12.17,0.1,1914,0.98828125
7,7,256,0.99609375,7,12.5,0.26,12.12,0.11,1905,0.98828125
8,79.21,0.18
8,0,256,0.90234375,0,13.63,0.33,13.05,0.26,1886,0.60546875
8,0,256,0.95703125,1,14.19,0.29,13.6,0.3,1920,0.89453125
8,0,256,0.96875,2,13.25,0.13,12.99,0.13,1901,0.94921875
8,0,256,0.984375,3,13.32,0.14,13.03,0.15,1917,0.96875
8,1,256,0.890625,0,13.32,0.2,12.93,0.19,1886,0.6015625
8,1,256,0.9609375,1,13.81,0.17,13.5,0.13,1920,0.85546875
8,1,256,0.9609375,2,13.44,0.23,13.09,0.12,1901,0.92578125
8,1,256,0.9921875,3,13.36,0.13,13.08,0.16,1917,0.97265625
8,2,256,0.90234375,0,13.27,0.15,12.99,0.14,1886,0.60546875
8,2,256,0.96875,1,13.67,0.14,13.44,0.09,1920,0.91015625
8,2,256,0.9609375,2,13.17,0.16,12.9,0.11,1901,0.90625
8,2,256,0.97265625,3,13.22,0.17,12.94,0.12,1917,0.94921875
8,3,256,0.90625,0,13.13,0.12,12.87,0.14,1886,0.6171875
8,3,256,0.9609375,1,13.74,0.19,13.46,0.09,1920,0.90234375
8,3,256,0.97265625,2,13.14,0.23,12.77,0.13,1901,0.9609375
8,3,256,1.0,3,12.58,0.15,12.13,0.3,1798,0.9765625
8,4,256,0.90234375,0,14.54,1.04,13.36,0.14,1886,0.6015625
8,4,256,0.95703125,1,13.54,0.16,13.15,0.23,1920,0.875
8,4,256,0.97265625,2,13.38,0.41,12.88,0.1,1901,0.9609375
8,4,256,0.9765625,3,13.12,0.15,12.86,0.11,1917,0.96484375
8,5,256,0.91015625,0,13.29,0.16,13.01,0.11,1886,0.60546875
8,5,256,0.96875,1,13.99,0.18,13.55,0.26,1920,0.91015625
8,5,256,0.9609375,2,13.46,0.42,12.91,0.12,1901,0.890625
8,5,256,0.9765625,3,13.64,0.15,13.05,0.45,1917,0.95703125
8,6,256,0.921875,0,13.13,0.13,12.91,0.09,1886,0.60546875
8,6,256,0.9609375,1,13.87,0.19,13.53,0.15,1920,0.88671875
8,6,256,0.9609375,2,13.11,0.18,12.84,0.09,1901,0.9375
8,6,256,0.98828125,3,13.24,0.15,12.93,0.16,1917,0.97265625
8,7,256,0.8984375,0,12.51,0.4,12.01,0.09,1886,0.625
8,7,256,0.90625,1,12.56,0.18,12.27,0.11,1920,0.60546875
8,7,256,0.95703125,2,12.44,0.19,12.17,0.09,1901,0.8984375
8,7,256,0.984375,3,12.45,0.17,12.19,0.09,1917,0.95703125
8,7,256,1.0,4,12.47,0.13,12.24,0.09,1923,0.96875
9,105.16,0.19
9,0,256,0.9140625,0,12.36,0.16,12.09,0.11,1886,0.62109375
9,0,256,0.9609375,1,13.41,0.9,12.31,0.2,1920,0.890625
9,0,256,0.98046875,2,12.54,0.26,12.16,0.13,1901,0.9609375
9,0,256,0.984375,3,12.44,0.12,12.24,0.08,1917,0.97265625
9,0,256,0.9921875,4,12.56,0.13,12.33,0.1,1923,0.9921875
9,0,256,0.9921875,5,12.29,0.12,12.02,0.15,1883,0.9921875
9,0,256,0.99609375,6,12.53,0.2,12.21,0.12,1914,0.99609375
9,1,256,0.91015625,0,12.34,0.16,12.09,0.09,1886,0.61328125
9,1,256,0.9609375,1,12.7,0.16,12.34,0.2,1920,0.92578125
9,1,256,0.95703125,2,12.48,0.18,12.14,0.15,1901,0.9453125
9,1,256,0.9765625,3,12.74,0.38,12.21,0.15,1917,0.95703125
9,1,256,0.98828125,4,12.6,0.16,12.31,0.13,1923,0.953125
9,1,256,0.99609375,5,12.35,0.14,12.0,0.21,1883,0.98828125
9,1,256,1.0,6,12.53,0.2,12.25,0.08,1914,0.98828125
9,2,256,0.92578125,0,12.35,0.14,12.13,0.09,1886,0.609375
9,2,256,0.953125,1,12.77,0.24,12.4,0.13,1920,0.8984375
9,2,256,0.96875,2,12.59,0.23,12.2,0.16,1901,0.89453125
9,2,256,0.9921875,3,12.77,0.39,12.23,0.14,1917,0.96875
9,2,256,0.98828125,4,12.64,0.11,12.36,0.17,1923,0.96484375
9,2,256,0.99609375,5,12.39,0.19,12.1,0.1,1883,0.9921875
9,2,256,1.0,6,0.45,0.15,0.2,0.09,32,1.0
9,3,256,0.9140625,0,12.45,0.24,12.09,0.13,1886,0.625
9,3,256,0.9609375,1,12.9,0.42,12.35,0.13,1920,0.91015625
9,3,256,0.97265625,2,12.48,0.2,12.17,0.1,1901,0.953125
9,3,256,0.9921875,3,12.5,0.14,12.25,0.11,1917,0.96875
9,3,256,0.9921875,4,12.67,0.16,12.38,0.12,1923,0.9765625
9,3,256,0.9921875,5,12.31,0.15,12.05,0.12,1883,0.98046875
9,3,256,0.99609375,6,12.53,0.14,12.28,0.11,1914,0.99609375
9,4,256,0.89453125,0,12.34,0.2,12.02,0.11,1886,0.60546875
9,4,256,0.9609375,1,12.72,0.21,12.27,0.23,1920,0.89453125
9,4,256,0.97265625,2,12.48,0.22,12.11,0.15,1901,0.95703125
9,4,256,0.98828125,3,12.48,0.19,12.17,0.12,1917,0.97265625
9,4,256,0.99609375,4,12.52,0.16,12.29,0.08,1923,0.97265625
9,4,256,0.99609375,5,12.19,0.17,11.94,0.08,1883,0.99609375
9,4,256,0.99609375,6,12.4,0.17,12.14,0.09,1914,0.98828125
9,5,256,0.89453125,0,12.35,0.19,12.07,0.1,1886,0.625
9,5,256,0.96875,1,12.59,0.13,12.3,0.16,1920,0.88671875
9,5,256,0.95703125,2,12.36,0.16,12.08,0.13,1901,0.92578125
9,5,256,0.984375,3,12.47,0.16,12.18,0.13,1917,0.96875
9,5,256,0.98828125,4,12.54,0.16,12.29,0.09,1923,0.97265625
9,5,256,0.99609375,5,12.21,0.11,11.99,0.11,1883,0.9921875
9,5,256,0.99609375,6,12.44,0.18,12.18,0.08,1914,0.98828125
9,6,256,0.9140625,0,12.16,0.12,11.9,0.13,1886,0.6015625
9,6,256,0.9609375,1,12.36,0.16,12.1,0.1,1920,0.86328125
9,6,256,0.9765625,2,12.38,0.22,12.06,0.1,1901,0.9609375
9,6,256,0.98046875,3,12.38,0.14,12.16,0.09,1917,0.9609375
9,6,256,0.98046875,4,12.47,0.15,12.23,0.09,1923,0.96875
9,6,256,0.96875,5,12.33,0.22,11.96,0.15,1883,0.96484375
9,6,256,0.9921875,6,12.42,0.13,12.14,0.15,1914,0.98828125
9,7,256,0.9140625,0,12.29,0.17,11.97,0.15,1886,0.62109375
9,7,256,0.94921875,1,12.42,0.13,12.17,0.12,1920,0.8515625
9,7,256,0.96875,2,12.37,0.18,12.06,0.12,1901,0.9140625
9,7,256,0.98828125,3,12.52,0.17,12.21,0.13,1917,0.9765625
9,7,256,0.9921875,4,12.52,0.14,12.27,0.11,1923,0.98046875
9,7,256,0.984375,5,12.32,0.14,12.0,0.18,1883,0.96875
9,7,256,0.99609375,6,12.48,0.18,12.17,0.13,1914,0.984375
10,69.98,0.18
10,0,256,0.91796875,0,12.7,0.16,12.44,0.1,1886,0.61328125
10,0,256,0.9609375,1,12.52,0.12,12.31,0.09,1920,0.8828125
10,0,256,0.98046875,2,12.43,0.16,12.13,0.14,1901,0.953125
10,0,256,0.98828125,3,12.52,0.14,12.29,0.1,1917,0.9609375
10,1,256,0.8984375,0,12.99,0.47,12.41,0.11,1886,0.63671875
10,1,256,0.91796875,1,12.52,0.14,12.27,0.11,1920,0.6015625
10,1,256,0.9609375,2,12.42,0.18,12.1,0.14,1901,0.90625
10,1,256,0.9921875,3,12.53,0.16,12.27,0.1,1917,0.953125
10,2,256,0.8984375,0,13.22,0.72,12.38,0.13,1886,0.60546875
10,2,256,0.95703125,1,12.7,0.17,12.26,0.26,1920,0.89453125
10,2,256,0.96484375,2,12.93,0.64,12.14,0.15,1901,0.9375
10,2,256,0.97265625,3,12.5,0.15,12.23,0.12,1917,0.9609375
10,3,256,0.90625,0,12.8,0.19,12.52,0.1,1886,0.6171875
10,3,256,0.95703125,1,12.91,0.23,12.31,0.38,1920,0.84375
10,3,256,0.9765625,2,12.44,0.16,12.14,0.13,1901,0.94140625
10,3,256,0.98828125,3,12.6,0.16,12.33,0.11,1917,0.9765625
10,4,256,0.8984375,0,13.11,0.56,12.45,0.1,1886,0.6328125
10,4,256,0.96484375,1,12.63,0.12,12.32,0.18,1920,0.890625
10,4,256,0.9765625,2,12.42,0.19,12.11,0.12,1901,0.9453125
10,4,256,0.99609375,3,12.85,0.14,12.33,0.38,1917,0.984375
10,5,256,0.921875,0,13.13,0.51,12.48,0.14,1886,0.6328125
10,5,256,0.9609375,1,12.72,0.17,12.36,0.19,1920,0.8671875
10,5,256,0.98046875,2,12.46,0.2,12.16,0.11,1901,0.9609375
10,5,256,1.0,3,10.17,0.19,9.87,0.11,1542,0.98828125
10,6,256,0.8984375,0,12.82,0.24,12.34,0.23,1886,0.609375
10,6,256,0.96484375,1,12.7,0.28,12.23,0.18,1920,0.890625
10,6,256,0.953125,2,13.01,0.75,12.16,0.09,1901,0.9375
10,6,256,0.98828125,3,12.48,0.17,12.2,0.12,1917,0.9765625
10,7,256,0.890625,0,12.38,0.19,12.06,0.13,1886,0.609375
10,7,256,0.875,1,12.56,0.13,12.25,0.18,1920,0.609375
10,7,256,0.9609375,2,12.47,0.21,12.16,0.1,1901,0.90625
10,7,256,0.97265625,3,12.63,0.24,12.22,0.17,1917,0.9453125
11,93.73,0.19
11,0,256,0.8984375,0,13.32,0.15,13.09,0.08,1886,0.62109375
11,0,256,0.9609375,1,13.75,0.23,13.24,0.28,1920,0.88671875
11,0,256,0.96484375,2,13.62,0.28,13.24,0.1,1901,0.90234375
11,0,256,0.99609375,3,14.04,0.18,13.77,0.09,1917,0.97265625
11,0,256,0.98828125,4,13.5,0.19,13.15,0.15,1923,0.984375
11,1,256,0.9140625,0,13.49,0.14,13.13,0.22,1886,0.6171875
11,1,256,0.9765625,1,13.57,0.16,13.26,0.15,1920,0.921875
11,1,256,0.9765625,2,13.65,0.37,13.19,0.1,1901,0.9453125
11,1,256,0.9921875,3,13.87,0.12,13.65,0.09,1917,0.97265625
11,1,256,0.98828125,4,13.54,0.22,13.19,0.12,1923,0.984375
11,2,256,0.90234375,0,13.29,0.17,13.0,0.11,1886,0.6171875
11,2,256,0.96484375,1,13.62,0.12,13.26,0.24,1920,0.90234375
11,2,256,0.96875,2,13.44,0.17,13.17,0.09,1901,0.96484375
11,2,256,0.98828125,3,14.02,0.18,13.74,0.1,1917,0.9765625
11,2,256,0.98828125,4,13.44,0.13,13.15,0.17,1923,0.9765625
11,3,256,0.90625,0,13.35,0.18,12.85,0.32,1886,0.62109375
11,3,256,0.9375,1,13.66,0.2,13.1,0.35,1920,0.89453125
11,3,256,0.96484375,2,13.5,0.19,13.12,0.19,1901,0.94140625
11,3,256,0.984375,3,13.83,0.17,13.55,0.12,1917,0.9765625
11,3,256,0.98828125,4,13.35,0.13,12.98,0.23,1923,0.9609375
11,4,256,0.921875,0,13.19,0.16,12.88,0.15,1886,0.60546875
11,4,256,0.90234375,1,13.69,0.22,13.28,0.19,1920,0.62109375
11,4,256,0.97265625,2,13.41,0.21,13.03,0.17,1901,0.9375
11,4,256,0.984375,3,13.74,0.15,13.49,0.11,1917,0.9609375
11,4,256,0.9921875,4,13.27,0.17,12.99,0.11,1923,0.984375
11,5,256,0.89453125,0,13.43,0.17,13.02,0.24,1886,0.609375
11,5,256,0.97265625,1,13.79,0.43,13.27,0.09,1920,0.9140625
11,5,256,0.97265625,2,13.52,0.12,13.28,0.11,1901,0.94921875
11,5,256,0.98828125,3,13.84,0.14,13.53,0.18,1917,0.96484375
11,5,256,1.0,4,10.96,0.36,10.31,0.29,1504,0.98828125
11,6,256,0.890625,0,13.17,0.14,12.84,0.19,1886,0.61328125
11,6,256,0.94921875,1,13.73,0.27,13.16,0.3,1920,0.875
11,6,256,0.984375,2,13.31,0.13,13.08,0.1,1901,0.953125
11,6,256,0.98046875,3,14.19,0.21,13.83,0.15,1917,0.97265625
11,6,256,0.98046875,4,13.26,0.12,13.0,0.14,1923,0.96484375
11,7,256,0.92578125,0,13.28,0.15,12.96,0.17,1886,0.60546875
11,7,256,0.95703125,1,13.74,0.33,13.26,0.15,1920,0.921875
11,7,256,0.9609375,2,13.52,0.27,13.13,0.13,1901,0.9296875
11,7,256,0.9921875,3,13.94,0.2,13.64,0.1,1917,0.9765625
11,7,256,0.9921875,4,13.31,0.13,13.07,0.12,1923,0.984375
